1
1803
608.097 74.2435 0.0440838 0 0.0440838
327.807 98.7947 0.0581856 0 0.0581856
607.993 123.467 0.0576429 0 0.0576429
495.961 125.309 0.0468625 0 0.0468625
599.264 127.73 0.0507382 0 0.0507382
641.547 130.641 0.0583514 0 0.0583514
479.524 135.456 0.0509904 0 0.0509904
353.479 140.083 0.0554681 0 0.0554681
360.85 142.896 0.0597824 0 0.0597824
354.12 145.677 0.0359512 0 0.0359512
350.706 148.266 0.0635825 0 0.0635825
350.706 148.266 0.0635825 0 0.0635825
509.588 156.534 0.0642003 0 0.0642003
502.195 162.347 0.0545138 0 0.0545138
502.927 166.105 0.0414261 0 0.0414261
677.275 171.875 0.0549896 0 0.0549896
668.678 174.213 0.0633921 0 0.0633921
481.747 184.838 0.0626501 0 0.0626501
583.855 184.808 0.055027 0 0.055027
376.824 195.491 0.0432352 0 0.0432352
555.16 196.697 0.064797 0 0.064797
369.102 201.137 0.0609582 0 0.0609582
373.305 200.579 0.0731738 0 0.0731738
360.825 217.08 0.054218 0 0.054218
374.355 218.12 0.0644839 0 0.0644839
476.117 218.173 0.0576143 0 0.0576143
356.838 222.289 0.0515051 0 0.0515051
475.95 222.066 0.0621304 0 0.0621304
471.831 222.779 0.0624541 0 0.0624541
628.195 222.944 0.05328 0 0.05328
659.917 224.119 0.0520687 0 0.0520687
356.211 224.537 0.0411074 0 0.0411074
384.594 225.54 0.0759659 0 0.0759659
792.351 225.934 0.0409355 0 0.0409355
362.042 229.867 0.052629 0 0.052629
374.736 229.712 0.0491039 0 0.0491039
806.455 230.148 0.0387811 0 0.0387811
812.254 230.587 0.0634539 0 0.0634539
649.303 231.346 0.0302299 0 0.0302299
354.988 233.357 0.0484794 0 0.0484794
471.475 233.341 0.0525968 0 0.0525968
476.468 233.092 0.0515704 0 0.0515704
488.853 232.655 0.0520089 0 0.0520089
806.777 234.508 0.0444984 0 0.0444984
557.87 235.912 0.0647492 0 0.0647492
459.11 237.453 0.0694093 0 0.0694093
471.674 237.169 0.0493801 0 0.0493801
476.273 237.019 0.0450521 0 0.0450521
363.301 238.439 0.0511378 0 0.0511378
564.916 238.062 0.0400524 0 0.0400524
387.065 238.532 0.0551131 0 0.0551131
561.329 239.908 0.0427066 0 0.0427066
814.233 239.737 0.0560393 0 0.0560393
512.521 240.869 0.0495404 0 0.0495404
651.885 240.88 0.0447551 0 0.0447551
331.186 242.445 0.0477781 0 0.0477781
488.809 242.346 0.0587837 0 0.0587837
826.14 241.876 0.054487 0 0.054487
475.593 242.492 0.0627592 0 0.0627592
479.807 242.584 0.0638218 0 0.0638218
484.154 242.677 0.056543 0 0.056543
818.982 243.468 0.0512146 0 0.0512146
840.039 242.838 0.0446562 0 0.0446562
643.098 246.055 0.0381799 0 0.0381799
446.812 246.709 0.0549299 0 0.0549299
478.62 247.551 0.0419591 0 0.0419591
566.199 246.865 0.0636443 0 0.0636443
491.108 248.375 0.0602778 0 0.0602778
319.809 249.411 0.0466704 0 0.0466704
732.597 254.305 0.0407497 0 0.0407497
676.254 259.089 0.0485131 0 0.0485131
344.884 260.625 0.0732318 0 0.0732318
527.539 264.044 0.0539557 0 0.0539557
531.514 265.412 0.0554595 0 0.0554595
17.5511 265.644 0.069275 0 0.069275
13.9006 268.308 0.0549183 0 0.0549183
384.32 268.197 0.0496622 0 0.0496622
576.714 268.025 0.0472569 0 0.0472569
342.144 268.789 0.0382931 0 0.0382931
503.634 270.432 0.0513456 0 0.0513456
507.655 270.187 0.0569584 0 0.0569584
395.221 270.861 0.0615874 0 0.0615874
413.474 271.327 0.0730052 0 0.0730052
512.838 271.398 0.0619594 0 0.0619594
23.5483 272.656 0.0474883 0 0.0474883
561.288 272.599 0.0569229 0 0.0569229
19.6109 274.131 0.0660505 0 0.0660505
575.844 273.612 0.0430388 0 0.0430388
394.993 274.934 0.0478881 0 0.0478881
506.929 278.51 0.0697583 0 0.0697583
571.74 277.602 0.0632956 0 0.0632956
575.909 278.183 0.0469969 0 0.0469969
648.892 278.8 0.0641287 0 0.0641287
392.973 282.899 0.05825 0 0.05825
483.776 286.043 0.0603256 0 0.0603256
797.58 285.914 0.0473661 0 0.0473661
392.394 287.344 0.0618094 0 0.0618094
487.453 286.493 0.0899295 0 0.0899295
547.9 288.025 0.0624025 0 0.0624025
644.783 287.622 0.0645178 0 0.0645178
338.539 289.909 0.0663796 0 0.0663796
789.884 290.465 0.0569371 0 0.0569371
650.044 291.915 0.0562407 0 0.0562407
688.789 291.588 0.0471906 0 0.0471906
21.0743 293.123 0.041432 0 0.041432
301.624 294.132 0.0508311 0 0.0508311
46.9547 294.851 0.0566275 0 0.0566275
319.708 295.305 0.0574259 0 0.0574259
180.647 296.275 0.0722602 0 0.0722602
59.7479 297.12 0.0851366 0 0.0851366
257.035 297.093 0.0690189 0 0.0690189
303.823 297.358 0.0583965 0 0.0583965
20.8461 297.418 0.0646359 0 0.0646359
156.565 297.524 0.0697268 0 0.0697268
160.537 301.34 0.0506418 0 0.0506418
112.686 301.836 0.0406155 0 0.0406155
156.027 303.243 0.0388889 0 0.0388889
151.686 303.583 0.0478197 0 0.0478197
296.791 303.752 0.0543247 0 0.0543247
334.654 303.784 0.0475971 0 0.0475971
189.738 307.595 0.0655274 0 0.0655274
651.323 307.865 0.035555 0 0.035555
106.553 308.803 0.0668782 0 0.0668782
144.374 309.318 0.0736669 0 0.0736669
251.941 309.421 0.056666 0 0.056666
144.761 312.876 0.0565961 0 0.0565961
676.674 312.588 0.0663796 0 0.0663796
250.841 314.366 0.044272 0 0.044272
327.352 314.757 0.0436396 0 0.0436396
652.202 314.599 0.0582062 0 0.0582062
139.376 315.997 0.0503649 0 0.0503649
300.726 315.947 0.0473831 0 0.0473831
693.954 316.043 0.0392896 0 0.0392896
85.0798 317.24 0.0487647 0 0.0487647
182.479 316.716 0.0722484 0 0.0722484
123.398 317.357 0.0505034 0 0.0505034
655.389 318.174 0.0651948 0 0.0651948
783.56 317.805 0.0510063 0 0.0510063
207.025 319.236 0.0567214 0 0.0567214
327.987 319.336 0.0545229 0 0.0545229
117.946 320.384 0.0531828 0 0.0531828
122.02 320.46 0.0382354 0 0.0382354
635.289 320.088 0.0460187 0 0.0460187
57.1591 320.925 0.0493592 0 0.0493592
370.596 321.176 0.0545809 0 0.0545809
374.523 321.432 0.0617108 0 0.0617108
84.2474 322.135 0.0534984 0 0.0534984
137.96 322.383 0.0463119 0 0.0463119
147.79 321.887 0.0582611 0 0.0582611
121.363 322.333 0.0449884 0 0.0449884
132.227 323.532 0.0494572 0 0.0494572
52.3448 323.706 0.0665823 0 0.0665823
232.995 324.388 0.0533559 0 0.0533559
178.301 325.312 0.0526023 0 0.0526023
506.192 325.194 0.0542105 0 0.0542105
113.515 326.475 0.0669177 0 0.0669177
61.9122 326.716 0.0670684 0 0.0670684
37.7649 328.349 0.0380372 0 0.0380372
50.2215 327.675 0.0585071 0 0.0585071
66.5657 328.16 0.0509055 0 0.0509055
137.118 328.279 0.0361141 0 0.0361141
170.877 328.047 0.0551182 0 0.0551182
305.501 327.548 0.0369059 0 0.0369059
622.258 327.989 0.0634478 0 0.0634478
127.593 329.237 0.0452501 0 0.0452501
190.635 329.031 0.0449911 0 0.0449911
233.012 329.27 0.0451319 0 0.0451319
433.751 329.058 0.047016 0 0.047016
439.8 329.14 0.0507744 0 0.0507744
482.017 329.19 0.0457162 0 0.0457162
486.231 329.599 0.0570114 0 0.0570114
627.893 328.667 0.0538616 0 0.0538616
175.715 330.565 0.0594634 0 0.0594634
501.328 330.539 0.0662051 0 0.0662051
336.624 332.211 0.0666259 0 0.0666259
437.045 332.202 0.0510701 0 0.0510701
625.462 332.051 0.0528323 0 0.0528323
783.216 332.333 0.0451955 0 0.0451955
143.632 333.213 0.0608036 0 0.0608036
245.398 332.824 0.0685086 0 0.0685086
201.95 334.136 0.0545817 0 0.0545817
208.658 334.01 0.0528995 0 0.0528995
277.127 334.124 0.0460981 0 0.0460981
175.797 335.514 0.0500783 0 0.0500783
179.972 335.291 0.06657 0 0.06657
383.406 334.465 0.0597565 0 0.0597565
500.58 335.238 0.0492428 0 0.0492428
61.2562 336.279 0.0482845 0 0.0482845
51.9246 336.699 0.0552113 0 0.0552113
316.24 337.125 0.0521876 0 0.0521876
320.238 336.956 0.0538403 0 0.0538403
413.36 337.415 0.0366551 0 0.0366551
788.14 337.33 0.0463705 0 0.0463705
668.585 338.151 0.0587936 0 0.0587936
673.04 338.285 0.0394115 0 0.0394115
305.234 339.124 0.0443471 0 0.0443471
91.7619 339.67 0.0708302 0 0.0708302
117.16 339.64 0.0510101 0 0.0510101
343.73 340.199 0.0485729 0 0.0485729
51.2014 340.816 0.0558888 0 0.0558888
176.226 341.033 0.0370486 0 0.0370486
209.898 340.583 0.0455862 0 0.0455862
295.598 340.596 0.0672856 0 0.0672856
206.111 343.023 0.0635575 0 0.0635575
246.362 343.365 0.0533199 0 0.0533199
299.646 342.786 0.0596579 0 0.0596579
339.962 342.884 0.0555394 0 0.0555394
72.7395 344.293 0.0498134 0 0.0498134
436.823 344.205 0.0481755 0 0.0481755
676.455 344.193 0.0639642 0 0.0639642
753.932 343.803 0.0555885 0 0.0555885
762.902 343.715 0.0618544 0 0.0618544
709.729 345.438 0.0680983 0 0.0680983
346.437 346.189 0.0607097 0 0.0607097
480.988 346.444 0.0658319 0 0.0658319
484.832 346.835 0.0618479 0 0.0618479
500.23 347.885 0.0594496 0 0.0594496
504.279 347.87 0.0543277 0 0.0543277
251.707 349.43 0.0627788 0 0.0627788
48.4259 350.286 0.0606784 0 0.0606784
104.521 350.025 0.0620244 0 0.0620244
303.181 349.69 0.0646364 0 0.0646364
137.412 350.57 0.0594537 0 0.0594537
247.108 350.461 0.0570405 0 0.0570405
480.631 350.956 0.0571046 0 0.0571046
44.4243 352.282 0.0553266 0 0.0553266
117.018 352.101 0.0507007 0 0.0507007
484.866 351.634 0.0483099 0 0.0483099
503.969 352.5 0.0463213 0 0.0463213
298.924 353.42 0.0452634 0 0.0452634
499.735 352.592 0.053769 0 0.053769
248.886 354.246 0.0566531 0 0.0566531
302.852 353.614 0.0669007 0 0.0669007
99.9062 354.655 0.0669732 0 0.0669732
103.82 354.713 0.0435477 0 0.0435477
417.582 355.878 0.0435824 0 0.0435824
483.799 355.59 0.0710519 0 0.0710519
44.7845 357 0.0532594 0 0.0532594
427.886 356.976 0.0649389 0 0.0649389
500.741 356.34 0.0716781 0 0.0716781
541.382 357.131 0.0441869 0 0.0441869
638.278 357.744 0.0648189 0 0.0648189
390.901 359.52 0.0595643 0 0.0595643
103.633 360.225 0.049519 0 0.049519
536.643 359.82 0.0626961 0 0.0626961
143.557 361.555 0.0643614 0 0.0643614
413.471 360.957 0.0472658 0 0.0472658
325.424 361.704 0.0651332 0 0.0651332
634.182 361.989 0.0340608 0 0.0340608
95.7455 363.167 0.0474283 0 0.0474283
639.064 362.934 0.0500824 0 0.0500824
395.269 363.626 0.0503051 0 0.0503051
549.605 363.937 0.0387073 0 0.0387073
148.776 365.229 0.0618155 0 0.0618155
301.382 364.701 0.0486689 0 0.0486689
310.424 364.755 0.0568056 0 0.0568056
413.493 365.916 0.0508392 0 0.0508392
417.623 365.869 0.0573485 0 0.0573485
432.225 367.1 0.0514493 0 0.0514493
629.645 367.292 0.0494851 0 0.0494851
84.6956 368.397 0.0569653 0 0.0569653
634.027 367.639 0.045213 0 0.045213
638.536 367.849 0.0479921 0 0.0479921
777.976 367.94 0.0536981 0 0.0536981
786.988 368.148 0.0457441 0 0.0457441
807.673 367.645 0.05891 0 0.05891
782.325 368.86 0.0431875 0 0.0431875
822.442 369.103 0.058589 0 0.058589
304.358 369.569 0.0493644 0 0.0493644
308.03 370.052 0.0557224 0 0.0557224
418.189 370.383 0.0368798 0 0.0368798
571.837 369.987 0.0536141 0 0.0536141
575.854 370.437 0.0609021 0 0.0609021
183.059 371.622 0.0595734 0 0.0595734
281.867 372.411 0.0494244 0 0.0494244
429.323 372.375 0.049654 0 0.049654
630.215 372.79 0.0560888 0 0.0560888
639.543 373.241 0.0395231 0 0.0395231
652.641 373.521 0.0588925 0 0.0588925
670.085 372.662 0.0576603 0 0.0576603
812.048 373.46 0.0701287 0 0.0701287
778.571 374.502 0.062033 0 0.062033
350.107 377.15 0.0406422 0 0.0406422
617.069 376.778 0.0482105 0 0.0482105
665.542 377.263 0.0415084 0 0.0415084
629.782 378.241 0.0490675 0 0.0490675
634.251 377.822 0.0459705 0 0.0459705
638.399 377.943 0.0542557 0 0.0542557
218.941 379.104 0.0696041 0 0.0696041
778.006 379.427 0.0444803 0 0.0444803
258.157 379.911 0.0584148 0 0.0584148
786.696 379.896 0.0556312 0 0.0556312
809.628 380 0.0465877 0 0.0465877
576.007 382.064 0.0583118 0 0.0583118
618.216 382.09 0.0471002 0 0.0471002
799.832 381.9 0.0646715 0 0.0646715
774.331 382.943 0.0509896 0 0.0509896
628.755 383.759 0.0464733 0 0.0464733
633.459 384.04 0.0559979 0 0.0559979
777.733 384.599 0.0654497 0 0.0654497
215.7 386.033 0.0529001 0 0.0529001
501.818 386.29 0.070848 0 0.070848
144.837 388.044 0.0435873 0 0.0435873
223.456 388.86 0.0580976 0 0.0580976
499.634 390.3 0.0601954 0 0.0601954
503.793 391.385 0.0559564 0 0.0559564
128.177 391.824 0.049067 0 0.049067
482.573 392.876 0.0577428 0 0.0577428
494.679 394.299 0.0594173 0 0.0594173
628.973 394.262 0.0516791 0 0.0516791
571.913 395.14 0.0537104 0 0.0537104
632.859 394.684 0.0561728 0 0.0561728
491.26 396.08 0.0429415 0 0.0429415
85.6438 397.429 0.0532573 0 0.0532573
596.657 396.473 0.0547929 0 0.0547929
445.469 397.666 0.0527267 0 0.0527267
463.282 398.034 0.0559807 0 0.0559807
575.891 399.502 0.0528677 0 0.0528677
445.232 401.52 0.0764681 0 0.0764681
628.883 402.95 0.0510205 0 0.0510205
86.1126 403.855 0.0592006 0 0.0592006
76.7819 405.946 0.04705 0 0.04705
444.105 407.347 0.0619553 0 0.0619553
395.752 407.652 0.0561491 0 0.0561491
493.724 408.124 0.0563436 0 0.0563436
312.134 409.47 0.0571056 0 0.0571056
640.27 409.403 0.0580535 0 0.0580535
362.114 411.075 0.0555838 0 0.0555838
76.9577 411.96 0.0507426 0 0.0507426
396.113 411.937 0.0542745 0 0.0542745
429.979 412.445 0.0652364 0 0.0652364
42.4076 414.424 0.0586191 0 0.0586191
644.42 414.218 0.0724861 0 0.0724861
396.18 416.606 0.0518627 0 0.0518627
161.21 417.982 0.0496391 0 0.0496391
172.932 418.64 0.0536422 0 0.0536422
322.39 419.524 0.0416191 0 0.0416191
332.059 419.938 0.0603754 0 0.0603754
360.863 419.896 0.0486812 0 0.0486812
301.987 421.713 0.0480523 0 0.0480523
487.78 422.947 0.0425829 0 0.0425829
326.908 423.739 0.0538289 0 0.0538289
71.3451 425.806 0.0501971 0 0.0501971
473.281 425.993 0.0657593 0 0.0657593
670.079 428.474 0.0526863 0 0.0526863
118.796 430.799 0.061514 0 0.061514
388.968 432.316 0.0466026 0 0.0466026
367.124 434.139 0.0478464 0 0.0478464
637.012 434.01 0.0451751 0 0.0451751
389.715 436.473 0.0524002 0 0.0524002
198.354 438.07 0.0482101 0 0.0482101
186.831 438.956 0.0568358 0 0.0568358
202.507 438.625 0.0529754 0 0.0529754
264.207 438.917 0.0550952 0 0.0550952
361.796 438.976 0.0496117 0 0.0496117
468.679 438.906 0.0524997 0 0.0524997
311.634 441.452 0.0408529 0 0.0408529
315.93 441.329 0.0426211 0 0.0426211
358.8 441.352 0.0539538 0 0.0539538
675.13 441.12 0.0570928 0 0.0570928
198.654 441.347 0.0565721 0 0.0565721
320.04 441.599 0.0419778 0 0.0419778
218.529 445.519 0.0584445 0 0.0584445
274.633 445.41 0.0438547 0 0.0438547
315.418 445.261 0.0533132 0 0.0533132
344.581 445.044 0.0607105 0 0.0607105
674.996 445.42 0.0571813 0 0.0571813
679.075 445.54 0.0556214 0 0.0556214
204.102 445.994 0.0547647 0 0.0547647
224.893 446.188 0.0504459 0 0.0504459
358.54 446.626 0.0458152 0 0.0458152
634.824 446.154 0.0518226 0 0.0518226
252.917 446.686 0.0569715 0 0.0569715
310.978 446.782 0.0507526 0 0.0507526
354.681 447.933 0.0497171 0 0.0497171
358.787 447.503 0.0360934 0 0.0360934
86.2618 448.644 0.0496014 0 0.0496014
35.8824 449.936 0.0568566 0 0.0568566
170.942 449.992 0.0449792 0 0.0449792
212.029 449.64 0.0435443 0 0.0435443
259.317 450.081 0.0432983 0 0.0432983
675.258 450.034 0.0575098 0 0.0575098
679.514 449.676 0.0544411 0 0.0544411
224.427 450.892 0.0499648 0 0.0499648
457.986 451.213 0.0403175 0 0.0403175
344.788 452.797 0.0657885 0 0.0657885
355.158 452.778 0.0601253 0 0.0601253
359.144 452.762 0.061103 0 0.061103
44.0677 454.05 0.0606077 0 0.0606077
186.861 453.56 0.0467685 0 0.0467685
252.122 453.883 0.0649631 0 0.0649631
609.861 455.519 0.0617687 0 0.0617687
775.76 455.265 0.0499831 0 0.0499831
214.772 455.807 0.0509083 0 0.0509083
218.971 455.976 0.0500506 0 0.0500506
223.25 456.33 0.0486936 0 0.0486936
359.54 456.957 0.0687456 0 0.0687456
511.879 457.764 0.04695 0 0.04695
583.08 458.33 0.0433872 0 0.0433872
588.632 457.812 0.0365013 0 0.0365013
143.902 459.158 0.055235 0 0.055235
643.108 459.372 0.0525621 0 0.0525621
646.279 459.215 0.0423056 0 0.0423056
638.405 459.743 0.0535172 0 0.0535172
381.891 460.744 0.0523813 0 0.0523813
497.986 461.496 0.0619167 0 0.0619167
510.429 461.926 0.0433545 0 0.0433545
775.206 462.18 0.0777372 0 0.0777372
613.955 463.232 0.0613226 0 0.0613226
544.043 463.616 0.0458917 0 0.0458917
623.031 464.037 0.0444253 0 0.0444253
638.443 463.946 0.0515835 0 0.0515835
642.978 463.64 0.0489173 0 0.0489173
487.063 464.637 0.0550556 0 0.0550556
824.142 464.938 0.0485678 0 0.0485678
500.49 466.35 0.0654711 0 0.0654711
510.494 466.334 0.0395702 0 0.0395702
504.88 466.77 0.0532793 0 0.0532793
310.044 468.378 0.0408164 0 0.0408164
315.307 468.889 0.0471267 0 0.0471267
344.054 468.692 0.0387846 0 0.0387846
113.436 470.31 0.0618041 0 0.0618041
617.997 469.989 0.0536131 0 0.0536131
621.928 470.387 0.0535243 0 0.0535243
590.58 471.473 0.0512726 0 0.0512726
205.98 471.994 0.060322 0 0.060322
249.738 472.196 0.0475789 0 0.0475789
428.065 471.941 0.0539996 0 0.0539996
644.929 472.014 0.0510183 0 0.0510183
649.416 472.024 0.0688755 0 0.0688755
201.899 472.868 0.0528582 0 0.0528582
465.293 473.453 0.0523508 0 0.0523508
245.467 474.212 0.0540083 0 0.0540083
479.943 474.445 0.0440187 0 0.0440187
490.904 475.38 0.0559489 0 0.0559489
607.655 475.231 0.0694891 0 0.0694891
205.917 475.923 0.04716 0 0.04716
681.382 476.344 0.0488964 0 0.0488964
251.046 477.329 0.0524957 0 0.0524957
420.284 477.321 0.0661554 0 0.0661554
540.889 476.781 0.053056 0 0.053056
647.846 476.998 0.0560977 0 0.0560977
367.034 478.236 0.0569215 0 0.0569215
461.305 477.327 0.0762305 0 0.0762305
393.429 478.965 0.0404566 0 0.0404566
428.049 479.153 0.0574103 0 0.0574103
431.868 479.391 0.0570298 0 0.0570298
574.096 479.268 0.0468512 0 0.0468512
10.7449 482.012 0.0618259 0 0.0618259
682.018 481.824 0.0358049 0 0.0358049
165.958 483.546 0.0544573 0 0.0544573
392.323 483.669 0.0607883 0 0.0607883
428.567 483.384 0.0609438 0 0.0609438
458.046 483.941 0.0480438 0 0.0480438
538.001 484.175 0.0620237 0 0.0620237
174.919 485.001 0.0579474 0 0.0579474
278.59 484.637 0.039496 0 0.039496
133.972 487.224 0.0599117 0 0.0599117
273.806 487.065 0.0485671 0 0.0485671
268.858 487.755 0.0506372 0 0.0506372
462.233 487.63 0.0643339 0 0.0643339
171.3 489.396 0.0387019 0 0.0387019
665.145 488.571 0.0734713 0 0.0734713
248.714 490.532 0.0570773 0 0.0570773
433.256 491.315 0.0504205 0 0.0504205
271.402 491.37 0.0540445 0 0.0540445
507.492 496.696 0.0595125 0 0.0595125
573.773 497.829 0.055714 0 0.055714
640.453 499.431 0.0449803 0 0.0449803
573.743 502.26 0.038848 0 0.038848
271.91 502.61 0.0508221 0 0.0508221
502.42 502.885 0.0517559 0 0.0517559
552.29 503.121 0.0577043 0 0.0577043
466.76 505.421 0.0456281 0 0.0456281
278.471 506.126 0.0739921 0 0.0739921
441.569 506.427 0.0372665 0 0.0372665
630.787 505.823 0.0474716 0 0.0474716
510.706 506.77 0.0661312 0 0.0661312
516.174 507.242 0.0580229 0 0.0580229
573.899 507.023 0.0495348 0 0.0495348
305.19 507.989 0.0660257 0 0.0660257
450.787 507.668 0.0582074 0 0.0582074
548.753 507.965 0.054109 0 0.054109
577.856 507.568 0.054882 0 0.054882
485.134 510.217 0.0496087 0 0.0496087
489.811 510.233 0.0456495 0 0.0456495
366.946 512.12 0.0510696 0 0.0510696
438.666 512.813 0.0519517 0 0.0519517
508.31 513.604 0.0589841 0 0.0589841
512.309 514.005 0.0462075 0 0.0462075
370.89 515.661 0.0701795 0 0.0701795
60.8472 517.124 0.0455008 0 0.0455008
243.657 516.977 0.057968 0 0.057968
623.24 516.939 0.0406234 0 0.0406234
380.239 518.909 0.0631023 0 0.0631023
302.224 519.688 0.0392323 0 0.0392323
376.273 520.057 0.0477767 0 0.0477767
366.385 520.629 0.0521123 0 0.0521123
243.217 521.55 0.0432996 0 0.0432996
255.128 524.833 0.0546809 0 0.0546809
361.767 525.245 0.043637 0 0.043637
350.141 526.036 0.0544904 0 0.0544904
366.187 525.597 0.0404267 0 0.0404267
248.673 528.878 0.0370362 0 0.0370362
183.88 529.508 0.0563539 0 0.0563539
366.24 530.248 0.0629629 0 0.0629629
436.473 530.211 0.0702364 0 0.0702364
488.896 530.504 0.0436135 0 0.0436135
35.0418 534.057 0.0620403 0 0.0620403
178.505 533.728 0.0733395 0 0.0733395
449.14 537.781 0.0554419 0 0.0554419
176.637 539.452 0.0555061 0 0.0555061
520.39 542.054 0.0482227 0 0.0482227
176.329 543.49 0.0620935 0 0.0620935
327.849 544.718 0.0492872 0 0.0492872
388.043 545.84 0.0394621 0 0.0394621
400.44 545.924 0.0535686 0 0.0535686
405.927 545.813 0.0639441 0 0.0639441
172.597 548.048 0.03832 0 0.03832
148.649 550.088 0.0448669 0 0.0448669
353.151 549.697 0.0402755 0 0.0402755
358.176 550.139 0.0640231 0 0.0640231
364.952 549.661 0.0710847 0 0.0710847
180.04 552.687 0.0508351 0 0.0508351
547.876 555.324 0.0518531 0 0.0518531
728.06 556.314 0.0497632 0 0.0497632
32.2537 557.152 0.0554264 0 0.0554264
262.193 556.933 0.0401723 0 0.0401723
288.544 556.922 0.05782 0 0.05782
529.026 556.966 0.0609568 0 0.0609568
281.453 557.882 0.0688578 0 0.0688578
462.976 558.634 0.0567565 0 0.0567565
418.088 559.49 0.0502531 0 0.0502531
423.987 559.798 0.0548142 0 0.0548142
374.349 560.57 0.048712 0 0.048712
386.44 561.936 0.0514133 0 0.0514133
160.1 562.906 0.054821 0 0.054821
419.941 562.801 0.0435673 0 0.0435673
479.686 563.004 0.050705 0 0.050705
483.848 563.445 0.063401 0 0.063401
543.046 562.697 0.0553529 0 0.0553529
568.607 563.553 0.053685 0 0.053685
62.6927 564.355 0.0596535 0 0.0596535
368.222 563.767 0.05787 0 0.05787
393.109 566.913 0.0532438 0 0.0532438
468.136 568.197 0.0473808 0 0.0473808
478.892 567.986 0.0441977 0 0.0441977
567.915 568.119 0.0584307 0 0.0584307
824.617 567.68 0.0633077 0 0.0633077
386.39 570.104 0.0588629 0 0.0588629
360.077 571.821 0.0487316 0 0.0487316
389.957 571.57 0.0558191 0 0.0558191
416.016 572.443 0.0454504 0 0.0454504
496.342 571.875 0.0552776 0 0.0552776
478.009 573.472 0.047817 0 0.047817
393.846 574.972 0.0544898 0 0.0544898
387.388 576.085 0.0581312 0 0.0581312
496.63 575.889 0.0555416 0 0.0555416
501.826 575.661 0.0502331 0 0.0502331
537.175 575.844 0.0493369 0 0.0493369
480.99 577.408 0.057217 0 0.057217
496.898 586.416 0.0521508 0 0.0521508
455.098 587.005 0.0452545 0 0.0452545
468.347 586.456 0.0599906 0 0.0599906
827.472 589.947 0.05542 0 0.05542
507.347 590.625 0.042923 0 0.042923
636.872 665.704 0.0923372 0 0.0923372
333.347 93.4928 0.0228033 0 0.0228033
811.272 124.875 0.0272928 0 0.0272928
494.767 127.39 0.0258217 0 0.0258217
605.756 128.521 0.0316692 0 0.0316692
472.648 133.476 0.0209248 0 0.0209248
493.561 153.19 0.0247694 0 0.0247694
485.888 156.073 0.0244778 0 0.0244778
539.919 158.194 0.0244179 0 0.0244179
493.904 160.936 0.0226446 0 0.0226446
487.413 162.327 0.0247327 0 0.0247327
543.705 172.497 0.0256417 0 0.0256417
550.228 188.939 0.0231292 0 0.0231292
612.982 191.68 0.0242399 0 0.0242399
368.196 194.494 0.0181039 0 0.0181039
550.573 197.088 0.0247677 0 0.0247677
609.769 203.81 0.0294435 0 0.0294435
483.35 206.154 0.0286334 0 0.0286334
373.52 207.096 0.0243332 0 0.0243332
553.991 209.811 0.022794 0 0.022794
672.11 210.552 0.0200495 0 0.0200495
585.824 214.979 0.0228652 0 0.0228652
611.169 215.944 0.0231858 0 0.0231858
668.733 217.327 0.0308648 0 0.0308648
363.078 219.598 0.0220195 0 0.0220195
631.656 220.952 0.0216078 0 0.0216078
368.27 224.087 0.0225513 0 0.0225513
374.264 223.851 0.0261021 0 0.0261021
494.689 230.049 0.0228626 0 0.0228626
798.26 229.576 0.026776 0 0.026776
476.548 231.506 0.0287307 0 0.0287307
501.611 230.808 0.0231225 0 0.0231225
509.79 231.231 0.0262804 0 0.0262804
483.736 231.693 0.0239146 0 0.0239146
791.477 231.575 0.0272658 0 0.0272658
831.975 231.712 0.0257125 0 0.0257125
348.784 232.847 0.0227428 0 0.0227428
784.558 234.413 0.0345851 0 0.0345851
494.576 235.821 0.0244245 0 0.0244245
502.226 236.489 0.0231012 0 0.0231012
485.057 237.174 0.024814 0 0.024814
503.082 236.874 0.0219956 0 0.0219956
770.395 237.969 0.0215216 0 0.0215216
820.355 238.23 0.0261238 0 0.0261238
556.097 238.893 0.0243346 0 0.0243346
740.643 239.144 0.0217549 0 0.0217549
798.498 239.671 0.0263779 0 0.0263779
805.995 239.725 0.0261031 0 0.0261031
662.875 241.701 0.023482 0 0.023482
576.333 242.596 0.0247796 0 0.0247796
554.608 244.292 0.0270428 0 0.0270428
561.828 245.206 0.0255626 0 0.0255626
805.604 246.308 0.0234918 0 0.0234918
466.37 248.885 0.0216727 0 0.0216727
641.269 250.13 0.0255096 0 0.0255096
328.657 251.054 0.026536 0 0.026536
484.08 251.285 0.0243316 0 0.0243316
773.711 250.963 0.0203199 0 0.0203199
578.036 252.4 0.0272361 0 0.0272361
648.292 251.956 0.0186872 0 0.0186872
805.453 251.788 0.025733 0 0.025733
740.001 253.338 0.0242537 0 0.0242537
679.42 253.546 0.021205 0 0.021205
319.849 257.173 0.0284471 0 0.0284471
805.615 258.42 0.0234952 0 0.0234952
647.955 259.288 0.0232005 0 0.0232005
666.046 258.545 0.0217468 0 0.0217468
662.95 259.894 0.024073 0 0.024073
678.276 259.739 0.0244461 0 0.0244461
351.197 261.377 0.0207987 0 0.0207987
374.402 261.026 0.025171 0 0.025171
569.647 262.118 0.0234421 0 0.0234421
577.833 261.656 0.0236121 0 0.0236121
692.039 262.302 0.0232804 0 0.0232804
330.985 263.228 0.0261157 0 0.0261157
325.011 264.2 0.0301356 0 0.0301356
384.89 264.479 0.0279872 0 0.0279872
378.393 264.678 0.0264367 0 0.0264367
411.587 266.328 0.0272301 0 0.0272301
385.757 270.158 0.0248844 0 0.0248844
392.014 269.943 0.02306 0 0.02306
419.421 269.69 0.0257367 0 0.0257367
431.378 270.407 0.0277025 0 0.0277025
798.207 270.359 0.0318298 0 0.0318298
379.019 271.025 0.0215165 0 0.0215165
439.718 270.977 0.0226052 0 0.0226052
569.108 270.632 0.0195781 0 0.0195781
334.119 274.951 0.0224341 0 0.0224341
341.869 274.576 0.0236812 0 0.0236812
497.806 275.823 0.0252802 0 0.0252802
262.801 277.322 0.0227857 0 0.0227857
394.475 278.019 0.0215663 0 0.0215663
569.422 277.71 0.0232913 0 0.0232913
798.366 278.184 0.0198183 0 0.0198183
33.1575 279.331 0.0265801 0 0.0265801
325.523 278.747 0.0240888 0 0.0240888
386.429 279.475 0.0226691 0 0.0226691
716.181 283.025 0.0192952 0 0.0192952
735.055 283.408 0.0262301 0 0.0262301
378.168 284.365 0.0272272 0 0.0272272
428.327 284.324 0.0197065 0 0.0197065
384.822 285.371 0.0294253 0 0.0294253
351.36 285.778 0.0231654 0 0.0231654
649.48 285.85 0.0252196 0 0.0252196
345.861 288.282 0.0217279 0 0.0217279
357.661 288.12 0.021905 0 0.021905
543.866 288.431 0.0242513 0 0.0242513
256.051 289.202 0.0242147 0 0.0242147
274.484 288.935 0.0259272 0 0.0259272
489.083 288.465 0.0262723 0 0.0262723
508.933 289.125 0.024208 0 0.024208
805.18 288.71 0.0282249 0 0.0282249
325.387 290.2 0.0235368 0 0.0235368
502.26 289.875 0.0235022 0 0.0235022
798.679 290.028 0.0282288 0 0.0282288
532.683 290.698 0.0248651 0 0.0248651
395.1 292.413 0.0273932 0 0.0273932
414.53 291.937 0.0208939 0 0.0208939
538.958 291.773 0.0247152 0 0.0247152
369.677 292.895 0.0221462 0 0.0221462
548.296 293.477 0.0261587 0 0.0261587
348.156 295.291 0.0193544 0 0.0193544
38.8096 295.771 0.0232872 0 0.0232872
53.2858 295.701 0.0228837 0 0.0228837
148.375 296.084 0.0251452 0 0.0251452
325.725 295.979 0.0253234 0 0.0253234
410.882 295.788 0.025298 0 0.025298
807.07 296.511 0.0313862 0 0.0313862
305.739 298.996 0.0241719 0 0.0241719
118.963 300.925 0.0285948 0 0.0285948
199.051 301.19 0.0224786 0 0.0224786
181.142 301.948 0.0203795 0 0.0203795
150.253 303.046 0.0249225 0 0.0249225
327.399 303.199 0.0229806 0 0.0229806
693.243 310.425 0.0332528 0 0.0332528
700.615 310.912 0.0248291 0 0.0248291
713.725 310.972 0.0240744 0 0.0240744
736.587 311.458 0.0230139 0 0.0230139
820.855 311.879 0.0199845 0 0.0199845
376.325 314.182 0.0223089 0 0.0223089
625.001 314.769 0.0213219 0 0.0213219
659.987 314.882 0.0251094 0 0.0251094
45.7544 315.935 0.0221412 0 0.0221412
679.09 317.374 0.0279245 0 0.0279245
233.47 318.073 0.0211491 0 0.0211491
652.074 317.939 0.0230352 0 0.0230352
672.97 317.974 0.0211947 0 0.0211947
83.4882 318.535 0.0244252 0 0.0244252
798.462 318.68 0.0266783 0 0.0266783
28.6876 319.748 0.0275562 0 0.0275562
176.625 319.716 0.023198 0 0.023198
487.941 322.064 0.0231279 0 0.0231279
500.662 323.127 0.0221986 0 0.0221986
205.437 325.352 0.0198497 0 0.0198497
428.85 325.312 0.026762 0 0.026762
328.483 325.657 0.025965 0 0.025965
334.429 326.477 0.0199135 0 0.0199135
28.0068 328.533 0.0220269 0 0.0220269
163.625 327.743 0.0206795 0 0.0206795
418.122 327.985 0.0251716 0 0.0251716
86.2775 328.611 0.0222839 0 0.0222839
369.349 328.877 0.0249516 0 0.0249516
376.157 328.48 0.0221792 0 0.0221792
775.962 330.962 0.0243724 0 0.0243724
215.759 331.472 0.0213421 0 0.0213421
506.159 331.858 0.0248769 0 0.0248769
645.49 331.856 0.0247249 0 0.0247249
37.4548 333.174 0.0311197 0 0.0311197
334.356 332.841 0.0251629 0 0.0251629
393.5 333.317 0.031587 0 0.031587
632.601 333.059 0.0256893 0 0.0256893
659.335 335.728 0.0220455 0 0.0220455
128.103 336.566 0.0194989 0 0.0194989
783.483 337.555 0.0275612 0 0.0275612
789.725 336.569 0.0259216 0 0.0259216
224.094 337.864 0.0222716 0 0.0222716
336.157 337.674 0.0241785 0 0.0241785
343.578 337.4 0.0209063 0 0.0209063
389.631 337.528 0.0215075 0 0.0215075
486.712 337.789 0.019295 0 0.019295
776.62 338.059 0.0239187 0 0.0239187
109.599 338.751 0.0286529 0 0.0286529
499.724 338.795 0.0214602 0 0.0214602
679.282 339.289 0.0258294 0 0.0258294
812.759 339.166 0.0245316 0 0.0245316
45.0524 339.759 0.0261064 0 0.0261064
212.085 340.379 0.02292 0 0.02292
216.934 341.184 0.0284287 0 0.0284287
366.626 340.778 0.0262824 0 0.0262824
758.792 343.061 0.0198323 0 0.0198323
789.809 343.144 0.0229745 0 0.0229745
33.1905 344.517 0.0244372 0 0.0244372
124.437 344.057 0.0259495 0 0.0259495
134.871 344.28 0.0235144 0 0.0235144
783.581 344.132 0.0234164 0 0.0234164
777.412 344.689 0.0284826 0 0.0284826
625.728 346.76 0.0222869 0 0.0222869
766.486 348.335 0.024991 0 0.024991
238.135 349.027 0.0279035 0 0.0279035
751.667 349.059 0.02364 0 0.02364
231.342 350.377 0.0262664 0 0.0262664
420.198 350.146 0.0171078 0 0.0171078
706.731 350.326 0.0234181 0 0.0234181
759.236 350.291 0.0203058 0 0.0203058
35.002 350.632 0.0234287 0 0.0234287
387.331 351.162 0.0216596 0 0.0216596
721.082 350.667 0.0243236 0 0.0243236
429.327 352.141 0.0274501 0 0.0274501
440.055 351.931 0.0247811 0 0.0247811
538.041 351.646 0.0270332 0 0.0270332
713.923 351.671 0.0248595 0 0.0248595
13.2942 353.352 0.0234961 0 0.0234961
546.182 355.79 0.0200284 0 0.0200284
634.569 355.644 0.0265655 0 0.0265655
240.535 357.068 0.0284791 0 0.0284791
248.606 357.11 0.0207297 0 0.0207297
18.2205 357.765 0.0235168 0 0.0235168
190.002 358.062 0.026519 0 0.026519
388.575 357.234 0.0191332 0 0.0191332
197.677 360.151 0.0266002 0 0.0266002
299.625 359.729 0.0232263 0 0.0232263
234.44 361.199 0.0326591 0 0.0326591
242.483 361.503 0.024583 0 0.024583
573.123 360.634 0.0268983 0 0.0268983
627.39 361.366 0.024886 0 0.024886
213.692 361.84 0.0239659 0 0.0239659
189.075 363.445 0.0224875 0 0.0224875
234.999 362.449 0.026759 0 0.026759
576.951 363.872 0.0278706 0 0.0278706
664.671 364.74 0.0265711 0 0.0265711
197.227 366.444 0.0264349 0 0.0264349
346.61 366.19 0.0231116 0 0.0231116
802.18 365.682 0.0247891 0 0.0247891
789.416 367.225 0.0227164 0 0.0227164
371.886 368.417 0.0234211 0 0.0234211
640.797 368.081 0.0286827 0 0.0286827
202.471 368.814 0.0193319 0 0.0193319
230.713 368.725 0.0214389 0 0.0214389
390.021 369.132 0.0257865 0 0.0257865
237.399 369.783 0.0226836 0 0.0226836
352.972 370.133 0.0201228 0 0.0201228
365.251 370.211 0.0243719 0 0.0243719
396.759 370.189 0.0232504 0 0.0232504
411.871 370.174 0.026662 0 0.026662
258.077 370.924 0.0310642 0 0.0310642
664.727 370.881 0.0252782 0 0.0252782
671.962 370.717 0.0216584 0 0.0216584
750.225 372.437 0.0279342 0 0.0279342
757.623 371.961 0.0229629 0 0.0229629
807.582 372.222 0.025352 0 0.025352
801.688 372.856 0.0208408 0 0.0208408
253.554 374.355 0.0232522 0 0.0232522
640.444 373.962 0.0287067 0 0.0287067
771.353 373.766 0.0228515 0 0.0228515
297.665 375.153 0.0254795 0 0.0254795
648.454 374.549 0.0292957 0 0.0292957
262.923 375.768 0.0249862 0 0.0249862
412.495 376.42 0.0183085 0 0.0183085
366.199 376.761 0.0293765 0 0.0293765
396.234 376.671 0.0245863 0 0.0245863
548.896 376.737 0.0214795 0 0.0214795
623.195 376.546 0.0259878 0 0.0259878
771.44 378.925 0.0255608 0 0.0255608
806.938 379.25 0.0223945 0 0.0223945
71.1038 381.493 0.0243339 0 0.0243339
618.526 383.044 0.0345972 0 0.0345972
692.472 384.71 0.0216175 0 0.0216175
724.857 385.216 0.0232238 0 0.0232238
511.275 386.498 0.0267569 0 0.0267569
519.449 386.248 0.0191617 0 0.0191617
752.363 386.27 0.0195981 0 0.0195981
572.615 388.369 0.0231441 0 0.0231441
146.549 388.705 0.0365171 0 0.0365171
537.047 389.157 0.0246831 0 0.0246831
579.502 388.239 0.0171203 0 0.0171203
587.912 388.677 0.0242345 0 0.0242345
229.896 391.016 0.0264375 0 0.0264375
552.568 390.551 0.0280667 0 0.0280667
518.535 393.246 0.0202975 0 0.0202975
600.511 392.981 0.0260416 0 0.0260416
505.305 393.966 0.0259021 0 0.0259021
525.591 394.301 0.028598 0 0.028598
588.351 394.271 0.0288466 0 0.0288466
201.205 394.829 0.0225664 0 0.0225664
499.221 394.936 0.0294639 0 0.0294639
511.145 394.667 0.0241544 0 0.0241544
539.817 395.296 0.0268753 0 0.0268753
264.775 396.002 0.0287182 0 0.0287182
270.784 396.41 0.0275631 0 0.0275631
435.924 395.855 0.0230924 0 0.0230924
548.58 395.752 0.0184622 0 0.0184622
555.332 396.234 0.0263403 0 0.0263403
187.558 397.076 0.0216809 0 0.0216809
277.16 396.488 0.0239828 0 0.0239828
317.636 397.039 0.0201717 0 0.0201717
432.604 397.553 0.0295884 0 0.0295884
591.078 399.457 0.0261561 0 0.0261561
90.917 400.067 0.0280337 0 0.0280337
458.475 399.537 0.0349114 0 0.0349114
553.562 399.779 0.0231556 0 0.0231556
176.945 400.997 0.0293432 0 0.0293432
326.684 401.537 0.0248024 0 0.0248024
427.436 401.472 0.024976 0 0.024976
437.583 402.288 0.0206655 0 0.0206655
16.4302 403.094 0.0280582 0 0.0280582
311.206 403.372 0.0268443 0 0.0268443
319.951 403.114 0.0261624 0 0.0261624
466.518 403.281 0.0216302 0 0.0216302
526.791 403.11 0.0244992 0 0.0244992
182.127 405.474 0.0235169 0 0.0235169
429.233 406.419 0.026564 0 0.026564
459.946 405.98 0.0206606 0 0.0206606
57.0469 408.408 0.0261259 0 0.0261259
164.458 409.183 0.0236413 0 0.0236413
436.414 409.402 0.024214 0 0.024214
682.736 408.961 0.024552 0 0.024552
82.4826 409.461 0.0233177 0 0.0233177
167.591 409.968 0.0213855 0 0.0213855
825.562 410.355 0.0264763 0 0.0264763
599.436 410.552 0.0212763 0 0.0212763
328.581 413.281 0.0291386 0 0.0291386
49.4198 414.448 0.0298818 0 0.0298818
56.6088 414.488 0.0259839 0 0.0259839
335.454 413.912 0.0252649 0 0.0252649
663.276 413.551 0.0249339 0 0.0249339
106.705 414.871 0.0193807 0 0.0193807
166.813 415.007 0.0273976 0 0.0273976
84.4907 416.056 0.0217251 0 0.0217251
599.221 417.371 0.0218686 0 0.0218686
781.537 417.121 0.026781 0 0.026781
817.153 416.666 0.0231653 0 0.0231653
353.833 419.101 0.021545 0 0.021545
388.576 419.595 0.0211882 0 0.0211882
647.078 420.029 0.021765 0 0.021765
658.444 420.037 0.0256941 0 0.0256941
664.638 420.271 0.0253675 0 0.0253675
366.333 420.571 0.0303576 0 0.0303576
670.73 420.847 0.0202962 0 0.0202962
709.378 421.919 0.0259235 0 0.0259235
752.138 421.818 0.0262404 0 0.0262404
9.02665 422.816 0.0269558 0 0.0269558
260.363 423.357 0.0229871 0 0.0229871
481.965 423.426 0.0298928 0 0.0298928
758.438 422.754 0.0250927 0 0.0250927
774.852 423.398 0.024087 0 0.024087
781.495 423.559 0.0216219 0 0.0216219
71.432 424.22 0.0373638 0 0.0373638
397.328 423.816 0.0240812 0 0.0240812
788.151 423.634 0.0231718 0 0.0231718
412.177 425.269 0.0235616 0 0.0235616
428.277 425.737 0.023964 0 0.023964
375.018 427.227 0.0214217 0 0.0214217
434.212 426.92 0.0208954 0 0.0208954
360.434 428.005 0.0223685 0 0.0223685
367.126 427.897 0.0229748 0 0.0229748
392.928 428.7 0.0337242 0 0.0337242
480.255 429.567 0.023156 0 0.023156
486.516 429.825 0.0269411 0 0.0269411
108.46 430.711 0.022861 0 0.022861
61.026 432.209 0.0261508 0 0.0261508
66.6463 432.071 0.0269256 0 0.0269256
127.616 432.092 0.0289246 0 0.0289246
150.963 431.667 0.0254086 0 0.0254086
142.147 432.892 0.0209252 0 0.0209252
375.389 433.358 0.0255391 0 0.0255391
384.056 432.625 0.0209649 0 0.0209649
469.093 432.626 0.0274003 0 0.0274003
72.3801 433.778 0.0271601 0 0.0271601
397.089 434.277 0.0225784 0 0.0225784
433.714 434.11 0.0177225 0 0.0177225
484.423 433.904 0.0295771 0 0.0295771
497.699 435.947 0.0346976 0 0.0346976
441.376 436.564 0.0240813 0 0.0240813
455.411 437.899 0.0247045 0 0.0247045
134.482 439.413 0.0206235 0 0.0206235
141.908 439.451 0.0220321 0 0.0220321
174.847 438.662 0.024297 0 0.024297
181.478 439.414 0.0203199 0 0.0203199
219.279 438.666 0.0267569 0 0.0267569
227.474 439.301 0.0266119 0 0.0266119
550.33 438.527 0.0241177 0 0.0241177
238.682 440.177 0.0253227 0 0.0253227
283.068 440.207 0.0291413 0 0.0291413
288.933 440.466 0.0333948 0 0.0333948
180.886 441.976 0.0242542 0 0.0242542
352.642 442.129 0.0192025 0 0.0192025
226.929 443.245 0.0205664 0 0.0205664
678.214 443.404 0.0255826 0 0.0255826
85.0474 444.929 0.0201439 0 0.0201439
198.977 446.709 0.0290168 0 0.0290168
180.624 448.477 0.0319849 0 0.0319849
188.254 447.232 0.0221182 0 0.0221182
352.975 447.494 0.0264149 0 0.0264149
93.5295 449.011 0.0210372 0 0.0210372
217.317 449.595 0.0230424 0 0.0230424
595.851 450.942 0.0315849 0 0.0315849
41.2445 451.979 0.0238037 0 0.0238037
86.3574 452.018 0.0228893 0 0.0228893
548.694 451.844 0.0255352 0 0.0255352
34.7394 452.987 0.025381 0 0.025381
191.893 452.946 0.0244815 0 0.0244815
582.679 452.887 0.0312651 0 0.0312651
607.57 453.314 0.0298415 0 0.0298415
26.1246 454.066 0.0306357 0 0.0306357
267.897 454.41 0.0260806 0 0.0260806
167.15 454.776 0.0210975 0 0.0210975
206.352 455.41 0.0244946 0 0.0244946
505.741 455.107 0.0228372 0 0.0228372
682.486 454.502 0.0226799 0 0.0226799
14.2405 455.623 0.0268561 0 0.0268561
20.9817 455.784 0.0260195 0 0.0260195
229.797 456.253 0.0251687 0 0.0251687
237.622 456.029 0.021127 0 0.021127
497.998 455.742 0.0224858 0 0.0224858
136.932 457.214 0.0207858 0 0.0207858
596.127 457.087 0.029927 0 0.029927
602.611 457.492 0.0223225 0 0.0223225
172.548 458.858 0.022558 0 0.022558
121.431 459.978 0.017367 0 0.017367
682.826 461.383 0.0213816 0 0.0213816
202.057 461.902 0.025643 0 0.025643
240.647 462.543 0.0241779 0 0.0241779
406.392 463.131 0.0255599 0 0.0255599
823.43 462.569 0.0196182 0 0.0196182
520.621 464.03 0.0201797 0 0.0201797
608.588 463.679 0.019848 0 0.019848
590.516 465.345 0.0276646 0 0.0276646
639.535 465.496 0.0263307 0 0.0263307
645.764 464.735 0.0237367 0 0.0237367
649.732 465.325 0.0230683 0 0.0230683
111.71 466.333 0.0326952 0 0.0326952
265.359 465.883 0.0255528 0 0.0255528
597.289 467.421 0.0282093 0 0.0282093
633.002 466.894 0.0235818 0 0.0235818
525.84 468.225 0.024961 0 0.024961
606.58 470.416 0.020963 0 0.020963
825.83 469.534 0.0195418 0 0.0195418
201.827 470.555 0.017517 0 0.017517
640.415 471.596 0.022835 0 0.022835
679.24 471.689 0.0253559 0 0.0253559
387.586 473.383 0.0267814 0 0.0267814
359.542 474.12 0.0320381 0 0.0320381
497.597 473.622 0.0223963 0 0.0223963
504.565 473.681 0.0282379 0 0.0282379
510.861 473.6 0.0243608 0 0.0243608
542.679 473.865 0.0180555 0 0.0180555
351.917 475.823 0.0248509 0 0.0248509
373.66 475.754 0.0230054 0 0.0230054
379.902 476.593 0.0264523 0 0.0264523
41.9685 478.514 0.0254346 0 0.0254346
458.681 479.933 0.0228463 0 0.0228463
543.078 480.288 0.0238606 0 0.0238606
627.654 480.019 0.0289767 0 0.0289767
642.674 479.533 0.0254108 0 0.0254108
780.502 480.257 0.0275902 0 0.0275902
246.132 480.906 0.0234256 0 0.0234256
471.937 481.168 0.0260878 0 0.0260878
675.798 481.349 0.0251841 0 0.0251841
43.7015 484.5 0.0251009 0 0.0251009
517.448 484.159 0.0210748 0 0.0210748
365.854 484.748 0.023922 0 0.023922
417.697 484.825 0.0301205 0 0.0301205
455.082 485.637 0.021267 0 0.021267
496.546 484.518 0.0228405 0 0.0228405
668.673 486.108 0.0255807 0 0.0255807
435.876 486.479 0.0218825 0 0.0218825
659.049 487.067 0.0238964 0 0.0238964
523.334 488.176 0.0185543 0 0.0185543
532.81 487.688 0.0259408 0 0.0259408
460.712 488.777 0.0292904 0 0.0292904
548.698 488.514 0.0281414 0 0.0281414
158.245 489.928 0.0283996 0 0.0283996
164.754 489.737 0.0257678 0 0.0257678
279.863 491.01 0.0266421 0 0.0266421
663.796 490.78 0.0282624 0 0.0282624
195.099 491.499 0.0285426 0 0.0285426
285.77 493.6 0.0221529 0 0.0221529
464.453 493.352 0.0298399 0 0.0298399
519.848 493.697 0.025857 0 0.025857
513.641 494.999 0.030889 0 0.030889
645.833 498.501 0.0291894 0 0.0291894
249.221 499.795 0.0211936 0 0.0211936
464.736 500.284 0.0332721 0 0.0332721
519.543 500.554 0.0224129 0 0.0224129
633.368 500.901 0.023549 0 0.023549
488.907 501.568 0.022024 0 0.022024
514.105 501.653 0.0270444 0 0.0270444
579.253 502.141 0.0234719 0 0.0234719
242.108 503.095 0.0216573 0 0.0216573
372.786 508.689 0.0249775 0 0.0249775
474.545 508.413 0.018313 0 0.018313
268.909 509.64 0.0241863 0 0.0241863
365.611 509.432 0.025459 0 0.025459
436.345 510.461 0.0229645 0 0.0229645
445.947 510.01 0.0269916 0 0.0269916
483.381 510.86 0.0248462 0 0.0248462
496.75 510.812 0.0229843 0 0.0229843
242.758 515.443 0.0240779 0 0.0240779
116.304 516.33 0.0331793 0 0.0331793
273.909 515.889 0.0201461 0 0.0201461
288.152 515.536 0.0225252 0 0.0225252
306.958 516.119 0.0220248 0 0.0220248
446.08 516.06 0.0265524 0 0.0265524
264.647 518.392 0.0299681 0 0.0299681
35.7757 519.172 0.0231316 0 0.0231316
360.518 518.736 0.024254 0 0.024254
187.767 519.647 0.0270474 0 0.0270474
249.173 522.77 0.0273412 0 0.0273412
270.179 522.815 0.0183698 0 0.0183698
290.484 522.688 0.027202 0 0.027202
262.252 523.661 0.0233963 0 0.0233963
314.428 523.976 0.0237269 0 0.0237269
385.308 523.98 0.0268199 0 0.0268199
327.756 525.233 0.0239128 0 0.0239128
374.086 526.204 0.0243264 0 0.0243264
455.175 529.136 0.0253378 0 0.0253378
462.325 528.99 0.0248111 0 0.0248111
482.427 528.546 0.0235276 0 0.0235276
488.854 529.379 0.0283351 0 0.0283351
254.895 529.869 0.0315932 0 0.0315932
260.707 530.416 0.0330908 0 0.0330908
326.222 530.29 0.0284533 0 0.0284533
496.412 529.45 0.0210644 0 0.0210644
305.595 531.094 0.0223034 0 0.0223034
504.75 530.533 0.0253908 0 0.0253908
511.125 530.74 0.0266169 0 0.0266169
115.738 534.529 0.0217232 0 0.0217232
330.936 534.105 0.029519 0 0.029519
444.97 533.585 0.0269395 0 0.0269395
43.4676 534.886 0.0290456 0 0.0290456
454.769 535.056 0.0225673 0 0.0225673
102.796 535.858 0.0244276 0 0.0244276
183.458 535.608 0.0262349 0 0.0262349
464.412 536.092 0.0215818 0 0.0215818
38.3167 537.946 0.026143 0 0.026143
508.076 537.727 0.0238214 0 0.0238214
513.954 537.923 0.0233005 0 0.0233005
114.541 540.654 0.0265951 0 0.0265951
580.004 542.711 0.0264232 0 0.0264232
169.539 544.487 0.0244292 0 0.0244292
359.289 544.325 0.0242516 0 0.0242516
113.432 547.36 0.0266095 0 0.0266095
162.888 547.166 0.0236363 0 0.0236363
410.914 548.002 0.0251245 0 0.0251245
155.104 549.762 0.0270738 0 0.0270738
224.307 550.28 0.0207899 0 0.0207899
385.822 551.661 0.023132 0 0.023132
37.1157 552.868 0.023312 0 0.023312
165.708 553.66 0.0209579 0 0.0209579
78.1495 554.024 0.0232826 0 0.0232826
112.754 554.213 0.0245976 0 0.0245976
71.2935 554.533 0.0205188 0 0.0205188
154.429 555.389 0.0275728 0 0.0275728
162.202 554.771 0.0235754 0 0.0235754
132.414 556.532 0.0248619 0 0.0248619
552.24 557.004 0.0239697 0 0.0239697
40.883 558.353 0.0201825 0 0.0201825
69.5133 563.047 0.0253732 0 0.0253732
547.995 564.856 0.0252528 0 0.0252528
521.527 568.999 0.0215188 0 0.0215188
418.265 572.006 0.0241176 0 0.0241176
555.142 576.848 0.0224917 0 0.0224917
36.8446 578.185 0.0239138 0 0.0239138
501.705 580.401 0.0300355 0 0.0300355
471.042 580.905 0.0246722 0 0.0246722
500.772 590.756 0.0236893 0 0.0236893
333.772 101.575 0.0138326 0 0.0138326
333.609 111.421 0.0170203 0 0.0170203
243.792 113.779 0.0129682 0 0.0129682
263.54 115.005 0.0122163 0 0.0122163
209.671 119.7 0.0112055 0 0.0112055
332.388 122.736 0.013193 0 0.013193
471.119 134.288 0.0135517 0 0.0135517
528.23 151.681 0.0121116 0 0.0121116
521.728 153.846 0.0107558 0 0.0107558
527.604 158.806 0.0130675 0 0.0130675
517.373 162.936 0.00977708 0 0.00977708
528.061 162.24 0.0113425 0 0.0113425
525.125 168.488 0.0142164 0 0.0142164
521.772 171.384 0.0161711 0 0.0161711
674.322 178.961 0.011332 0 0.011332
367.252 185.638 0.0112134 0 0.0112134
633.824 187.312 0.0165323 0 0.0165323
592.546 190.138 0.0114463 0 0.0114463
492.942 191.657 0.0123594 0 0.0123594
609.755 192.783 0.0124337 0 0.0124337
619.519 192.539 0.0144318 0 0.0144318
628.671 192.564 0.0141035 0 0.0141035
583.798 201.332 0.0127204 0 0.0127204
364.52 204.814 0.012478 0 0.012478
492.843 203.74 0.0101624 0 0.0101624
592.586 202.851 0.0144875 0 0.0144875
618.876 204.193 0.0118188 0 0.0118188
628.458 204.04 0.0158633 0 0.0158633
365.783 214.265 0.0147071 0 0.0147071
369.456 214.184 0.0140071 0 0.0140071
493.031 214.608 0.0106091 0 0.0106091
578.405 213.85 0.0107633 0 0.0107633
589.912 213.978 0.0111795 0 0.0111795
607.987 214.125 0.0124832 0 0.0124832
618.136 215.538 0.0153792 0 0.0153792
627.328 215.818 0.0142279 0 0.0142279
359.819 224.108 0.0124218 0 0.0124218
494.636 226.738 0.0091892 0 0.0091892
547.355 232.355 0.0121574 0 0.0121574
822.218 233.973 0.0106894 0 0.0106894
358.966 235.189 0.0109721 0 0.0109721
789.309 237.526 0.0116097 0 0.0116097
504.326 239.488 0.0118517 0 0.0118517
660.145 240.438 0.0113183 0 0.0113183
669.707 241.446 0.0119851 0 0.0119851
821.53 245.103 0.0112715 0 0.0112715
731.001 248.703 0.0132919 0 0.0132919
740.205 248.433 0.0125332 0 0.0125332
750.31 247.712 0.0118379 0 0.0118379
789.125 249.489 0.0112573 0 0.0112573
798.755 249.284 0.00990504 0 0.00990504
808.372 249.427 0.0107357 0 0.0107357
341.203 252.17 0.0106935 0 0.0106935
670.364 251.885 0.0104884 0 0.0104884
681.911 252.447 0.0123152 0 0.0123152
722.414 251.419 0.0114364 0 0.0114364
351.788 254.087 0.0110219 0 0.0110219
569.956 252.685 0.00832776 0 0.00832776
379.373 256.107 0.0115067 0 0.0115067
357.604 258.399 0.0145461 0 0.0145461
644.024 257.679 0.0143226 0 0.0143226
788.03 260.788 0.0119632 0 0.0119632
798.123 260.641 0.0120324 0 0.0120324
350.832 262.693 0.0166225 0 0.0166225
364.998 267.593 0.0106378 0 0.0106378
559.458 268.008 0.0126367 0 0.0126367
496.127 270.292 0.0108998 0 0.0108998
379.698 275.704 0.0111388 0 0.0111388
387.321 275.231 0.0117429 0 0.0117429
259.251 279.236 0.0158244 0 0.0158244
271.559 279.692 0.0145069 0 0.0145069
392.641 280.281 0.0152198 0 0.0152198
718.393 279.818 0.0139096 0 0.0139096
732.34 279.581 0.0142638 0 0.0142638
265.048 284.212 0.0154349 0 0.0154349
735.703 284.188 0.0166073 0 0.0166073
400.478 286.659 0.0128554 0 0.0128554
252.406 289.211 0.0107658 0 0.0107658
356.124 290.165 0.0157454 0 0.0157454
307.161 291.593 0.0121713 0 0.0121713
316.059 291.659 0.0132902 0 0.0132902
414.094 291.704 0.017776 0 0.017776
66.4685 293.578 0.0162048 0 0.0162048
335.721 295.029 0.0125215 0 0.0125215
409.299 297.682 0.0135919 0 0.0135919
799.064 297.725 0.0137427 0 0.0137427
66.9193 303.071 0.0117777 0 0.0117777
189.538 302.116 0.0133082 0 0.0133082
44.7033 303.2 0.0129846 0 0.0129846
337.095 304.314 0.0106774 0 0.0106774
48.506 308.183 0.00925661 0 0.00925661
137.086 307.962 0.0149789 0 0.0149789
725.406 309.879 0.0127681 0 0.0127681
738.841 309.24 0.011323 0 0.011323
799.38 309.812 0.00901043 0 0.00901043
294.297 312.65 0.0129843 0 0.0129843
810.153 311.566 0.0111532 0 0.0111532
625.665 313.74 0.0173859 0 0.0173859
717.966 314.617 0.0154905 0 0.0154905
130.316 315.415 0.0126193 0 0.0126193
445.585 315.456 0.0145451 0 0.0145451
732.199 315.164 0.0157487 0 0.0157487
421.109 316.972 0.0111891 0 0.0111891
431.196 317.332 0.0106414 0 0.0106414
49.4127 319.134 0.0095033 0 0.0095033
806.208 320.871 0.0148917 0 0.0148917
296.568 324.931 0.0128631 0 0.0128631
309.743 323.549 0.0109358 0 0.0109358
196.559 326.16 0.0136623 0 0.0136623
411.635 328.453 0.0107289 0 0.0107289
420.192 327.423 0.0129375 0 0.0129375
105.954 330.083 0.0120126 0 0.0120126
253.69 329.515 0.0135866 0 0.0135866
307.869 333.102 0.0104593 0 0.0104593
323.514 334.315 0.0123065 0 0.0123065
793.705 334.186 0.0115319 0 0.0115319
375.789 336.785 0.0122921 0 0.0122921
396.109 338.017 0.0141645 0 0.0141645
412.408 337.993 0.01541 0 0.01541
421.302 337.809 0.0118753 0 0.0118753
634.292 337.928 0.0116524 0 0.0116524
823.744 338.856 0.0115852 0 0.0115852
649.264 339.94 0.0145488 0 0.0145488
339.4 341.673 0.0147863 0 0.0147863
429.626 343.923 0.0115165 0 0.0115165
793.308 344.246 0.0102904 0 0.0102904
809.787 343.526 0.0114057 0 0.0114057
319.686 345.388 0.0156518 0 0.0156518
544.189 345.595 0.0122797 0 0.0122797
225.942 347.675 0.0114895 0 0.0114895
373.601 349.434 0.012332 0 0.012332
678.485 354.624 0.0136854 0 0.0136854
107.676 355.991 0.0107725 0 0.0107725
508.182 356.201 0.0136814 0 0.0136814
219.217 357.17 0.0103695 0 0.0103695
26.3424 361.94 0.0131629 0 0.0131629
354.3 362.282 0.0118247 0 0.0118247
358.807 362.31 0.0105669 0 0.0105669
525.696 364.311 0.0112209 0 0.0112209
251.631 366.111 0.0130057 0 0.0130057
43.3092 370.288 0.0115908 0 0.0115908
654.836 370.36 0.013513 0 0.013513
673.318 369.084 0.013008 0 0.013008
162.829 371.202 0.0144763 0 0.0144763
231.423 372.253 0.0107218 0 0.0107218
645.016 374.555 0.00959137 0 0.00959137
793.406 374.998 0.0115016 0 0.0115016
547.403 375.827 0.0146127 0 0.0146127
290.969 377.388 0.0164582 0 0.0164582
309.568 378.34 0.00951148 0 0.00951148
570.119 377.516 0.0101831 0 0.0101831
580.026 377.673 0.00952776 0 0.00952776
673.243 377.772 0.0112746 0 0.0112746
682.844 378.671 0.0106301 0 0.0106301
262.036 381.267 0.0123937 0 0.0123937
535.106 386.801 0.0132089 0 0.0132089
547.355 386.227 0.0125249 0 0.0125249
622.351 386.38 0.0110854 0 0.0110854
672.881 387.714 0.0105642 0 0.0105642
683.247 388.238 0.0116932 0 0.0116932
693.869 387.309 0.0115233 0 0.0115233
723.611 387.768 0.0119286 0 0.0119286
754.099 388.854 0.0105401 0 0.0105401
327.454 390.61 0.0097594 0 0.0097594
732.701 389.219 0.0123805 0 0.0123805
187.206 395.052 0.0135122 0 0.0135122
534.99 396.475 0.0109943 0 0.0109943
599.405 395.95 0.0122095 0 0.0122095
229.72 397.898 0.0125622 0 0.0125622
498.455 397.655 0.0120771 0 0.0120771
205.331 400.683 0.0135844 0 0.0135844
487.887 401.266 0.0100156 0 0.0100156
517.859 404.185 0.0129163 0 0.0129163
547.438 404.479 0.0136886 0 0.0136886
329.97 406.639 0.0154312 0 0.0154312
527.341 406.404 0.0132792 0 0.0132792
69.3408 408.289 0.0110053 0 0.0110053
590.158 408.61 0.0134187 0 0.0134187
155.966 409.994 0.0122872 0 0.0122872
694.649 412.076 0.0134682 0 0.0134682
92.4506 414.389 0.0116023 0 0.0116023
107.467 415.34 0.0221776 0 0.0221776
145.459 418.657 0.0118308 0 0.0118308
589.886 418.14 0.0119335 0 0.0119335
688.865 417.527 0.016506 0 0.016506
155.864 419.411 0.0126367 0 0.0126367
300.005 419.39 0.0127909 0 0.0127909
693.821 420.446 0.0118471 0 0.0118471
684.846 421.708 0.0108634 0 0.0108634
791.639 424.588 0.0119355 0 0.0119355
108.708 426.747 0.0122122 0 0.0122122
88.6381 427.332 0.0132781 0 0.0132781
99.0301 427.94 0.0123445 0 0.0123445
143.443 430.878 0.0108921 0 0.0108921
356.632 430.618 0.0117806 0 0.0117806
515.719 429.209 0.012543 0 0.012543
525.087 429.184 0.0142136 0 0.0142136
40.4988 431.25 0.0119584 0 0.0119584
133.761 431.846 0.0124409 0 0.0124409
244.944 431.676 0.00964308 0 0.00964308
257.471 433.473 0.0111817 0 0.0111817
267.956 434.254 0.00918708 0 0.00918708
663.568 434.114 0.0120215 0 0.0120215
672.488 433.58 0.0104357 0 0.0104357
84.3226 436.28 0.0111334 0 0.0111334
151.832 440.39 0.0132096 0 0.0132096
171.609 440.484 0.0115713 0 0.0115713
180.518 439.98 0.014921 0 0.014921
190.029 439.998 0.0140191 0 0.0140191
219.084 440.734 0.0125243 0 0.0125243
40.8314 441.725 0.0128996 0 0.0128996
48.7893 441.62 0.0134463 0 0.0134463
199.611 441.04 0.0115714 0 0.0115714
247.822 442.035 0.011853 0 0.011853
257.587 441.747 0.0149958 0 0.0149958
267.672 442.291 0.011153 0 0.011153
278.343 442.572 0.0120388 0 0.0120388
278.098 445.719 0.011597 0 0.011597
268.059 446.935 0.0189801 0 0.0189801
139.266 449.934 0.0140327 0 0.0140327
601.935 450.567 0.0152314 0 0.0152314
149.196 452.012 0.01137 0 0.01137
592.811 451.505 0.0118724 0 0.0118724
691.669 452.403 0.0135764 0 0.0135764
178.948 453.515 0.0136007 0 0.0136007
458.25 454.807 0.010366 0 0.010366
532.29 453.868 0.00931048 0 0.00931048
189.916 455.973 0.0121233 0 0.0121233
200.581 455.999 0.013964 0 0.013964
210.573 456.167 0.0110066 0 0.0110066
821.042 460.171 0.0122468 0 0.0122468
534.297 464.337 0.00969629 0 0.00969629
683.882 464.306 0.0106979 0 0.0106979
824.031 463.757 0.014779 0 0.014779
125.756 466.539 0.0138009 0 0.0138009
210.161 466.54 0.0118015 0 0.0118015
273.59 466.294 0.0115827 0 0.0115827
777.474 467.008 0.00990084 0 0.00990084
233.974 467.811 0.0116771 0 0.0116771
201.573 470.015 0.0167366 0 0.0167366
343.552 468.426 0.0190195 0 0.0190195
424.079 469.638 0.0117968 0 0.0117968
41.1024 472.755 0.0122797 0 0.0122797
363.566 471.322 0.0115221 0 0.0115221
574.916 472.164 0.0140193 0 0.0140193
606.267 471.873 0.0143907 0 0.0143907
51.995 473.93 0.0119154 0 0.0119154
97.1541 474.673 0.012126 0 0.012126
487.861 473.311 0.0111599 0 0.0111599
583.422 473.352 0.0121596 0 0.0121596
822.763 475.416 0.00994861 0 0.00994861
411.643 481.693 0.0110776 0 0.0110776
514.368 484.317 0.0121303 0 0.0121303
649.993 483.208 0.0123136 0 0.0123136
130.086 487.241 0.0102891 0 0.0102891
256.409 487.671 0.0107985 0 0.0107985
476.75 499.977 0.0119531 0 0.0119531
630.006 501.334 0.0159256 0 0.0159256
454.975 506.179 0.0122839 0 0.0122839
619.44 510.278 0.00998659 0 0.00998659
506.393 512.362 0.0131627 0 0.0131627
518.153 512.182 0.0106699 0 0.0106699
580.909 511.363 0.0137141 0 0.0137141
297.136 514.61 0.00898932 0 0.00898932
575.439 516.735 0.0138225 0 0.0138225
299.012 523.21 0.0142657 0 0.0142657
310.497 523.871 0.0152023 0 0.0152023
510.121 525.927 0.0112938 0 0.0112938
339.92 527.638 0.0107068 0 0.0107068
300.524 531.659 0.0122813 0 0.0122813
504.177 537.961 0.0113517 0 0.0113517
529.779 544.253 0.0162667 0 0.0162667
27.9059 545.98 0.0129823 0 0.0129823
167.362 546.275 0.0113594 0 0.0113594
329.001 545.11 0.0139925 0 0.0139925
811.145 546.401 0.00902871 0 0.00902871
182.264 547.574 0.0117415 0 0.0117415
522.522 548.719 0.018652 0 0.018652
341.776 548.534 0.00915645 0 0.00915645
327.228 553.884 0.0116061 0 0.0116061
38.9 559.991 0.0105711 0 0.0105711
452.542 567.235 0.0130326 0 0.0130326
494.444 576.462 0.0102018 0 0.0102018
38.2774 582.969 0.00980624 0 0.00980624
350.358 142.033 0.00519552 0 0.00519552
505.948 161.608 0.00792463 0 0.00792463
507.881 176.349 0.00642871 0 0.00642871
593.551 178.591 0.00474967 0 0.00474967
493.823 220.21 0.00542046 0 0.00542046
591.135 225.825 0.00553679 0 0.00553679
344.06 229.351 0.00584695 0 0.00584695
575.468 232.165 0.00624262 0 0.00624262
557.09 233.959 0.0053382 0 0.0053382
814.071 234.416 0.00605824 0 0.00605824
698.948 237.059 0.00626447 0 0.00626447
651.925 240.638 0.00569752 0 0.00569752
582.795 244.771 0.007419 0 0.007419
308.925 248.577 0.00621886 0 0.00621886
323.884 248.313 0.00502377 0 0.00502377
633.719 247.603 0.00636113 0 0.00636113
813.594 248.389 0.00587901 0 0.00587901
830.417 247.688 0.00630354 0 0.00630354
689.07 250.508 0.00515492 0 0.00515492
768.309 249.464 0.00659592 0 0.00659592
787.25 249.747 0.00822307 0 0.00822307
655.814 251.691 0.00644742 0 0.00644742
813.112 262.719 0.00562561 0 0.00562561
478.921 264.788 0.00467307 0 0.00467307
653.249 263.802 0.00591087 0 0.00591087
782.755 263.964 0.00571735 0 0.00571735
410.716 266.289 0.00542059 0 0.00542059
424.108 265.724 0.00646562 0 0.00646562
495.432 266.622 0.0064549 0 0.0064549
349.997 267.047 0.0074119 0 0.0074119
497.061 280.247 0.00792299 0 0.00792299
20.9644 282.281 0.00654245 0 0.00654245
491.558 285.295 0.00586372 0 0.00586372
712.856 286.281 0.00583763 0 0.00583763
725.545 286.789 0.00777709 0 0.00777709
265.932 292.634 0.00541227 0 0.00541227
381.352 291.166 0.00619877 0 0.00619877
496.767 292.953 0.00639328 0 0.00639328
437.991 294.346 0.00557658 0 0.00557658
97.5657 300.457 0.005844 0 0.005844
251.152 300.25 0.00691793 0 0.00691793
407.253 300.479 0.00749239 0 0.00749239
54.6754 303.644 0.00880191 0 0.00880191
709.066 305.029 0.00590016 0 0.00590016
437.842 305.931 0.00617361 0 0.00617361
741.459 307.476 0.00643563 0 0.00643563
782.383 309.249 0.00562435 0 0.00562435
688.31 319.853 0.00535975 0 0.00535975
73.6036 321.834 0.0060439 0 0.0060439
87.5012 322.847 0.00589867 0 0.00589867
651.336 324.595 0.00507575 0 0.00507575
492.532 326.237 0.00624497 0 0.00624497
635.758 326.026 0.00540783 0 0.00540783
648.9 324.755 0.00484966 0 0.00484966
363.539 335.424 0.00677238 0 0.00677238
621.855 336.762 0.00635824 0 0.00635824
225.811 338.299 0.00705666 0 0.00705666
386.042 340.099 0.00699449 0 0.00699449
492.76 339.174 0.0069441 0 0.0069441
492.509 346.918 0.00544852 0 0.00544852
806.669 347.681 0.00570038 0 0.00570038
488.846 351.888 0.00708553 0 0.00708553
495.68 352.113 0.00660521 0 0.00660521
510.767 351.433 0.0053321 0 0.0053321
686.991 351.812 0.00515386 0 0.00515386
265.672 354.449 0.00685475 0 0.00685475
385.157 353.851 0.00597558 0 0.00597558
421.636 355.953 0.00584757 0 0.00584757
106.282 359.416 0.00639029 0 0.00639029
315.105 360.418 0.00661965 0 0.00661965
674.059 363.961 0.00676398 0 0.00676398
686.387 364.731 0.00665712 0 0.00665712
763.556 364.776 0.00562017 0 0.00562017
263.606 367.081 0.00648616 0 0.00648616
299.064 366.743 0.0060091 0 0.0060091
405.957 365.661 0.00546024 0 0.00546024
203.385 368.021 0.00553728 0 0.00553728
218.06 370.651 0.00606121 0 0.00606121
807.246 370.194 0.00597183 0 0.00597183
299.214 371.082 0.00722467 0 0.00722467
545.225 372.195 0.00669362 0 0.00669362
246.664 376.696 0.00614656 0 0.00614656
318.059 375.225 0.00637026 0 0.00637026
651.487 376.174 0.00581577 0 0.00581577
330.159 376.602 0.00765837 0 0.00765837
305.078 379.353 0.00631453 0 0.00631453
357.147 380.667 0.00452155 0 0.00452155
616.979 378.939 0.00642671 0 0.00642671
734.507 381.79 0.00605855 0 0.00605855
635.5 385.54 0.00541294 0 0.00541294
217.068 387.035 0.00504323 0 0.00504323
483.859 388.923 0.00728744 0 0.00728744
212.982 388.999 0.00612966 0 0.00612966
242.872 389.1 0.00711415 0 0.00711415
602.125 391.787 0.00588603 0 0.00588603
616.522 392.063 0.00509916 0 0.00509916
79.6309 393.688 0.00699174 0 0.00699174
455.633 393.962 0.00542713 0 0.00542713
739.142 393.552 0.005009 0 0.005009
505.422 396.577 0.00605819 0 0.00605819
685.902 402.806 0.0060061 0 0.0060061
828.023 402.546 0.00804879 0 0.00804879
644.061 408.809 0.00536578 0 0.00536578
698.825 407.945 0.00553512 0 0.00553512
657.982 409.471 0.00673718 0 0.00673718
43.7311 414.024 0.00616645 0 0.00616645
484.259 414.288 0.00676252 0 0.00676252
55.7129 420.361 0.00783027 0 0.00783027
403.57 419.502 0.00547058 0 0.00547058
637.783 421.815 0.00679051 0 0.00679051
719.172 424.206 0.00678185 0 0.00678185
797.621 426.261 0.00610408 0 0.00610408
298.122 430.388 0.00613388 0 0.00613388
310.912 429.499 0.00628015 0 0.00628015
313.592 429.224 0.004923 0 0.004923
232.976 432.97 0.00535456 0 0.00535456
350.627 433.332 0.00541591 0 0.00541591
717.93 437.855 0.00569397 0 0.00569397
780.727 439.152 0.00780322 0 0.00780322
780.727 439.152 0.00780322 0 0.00780322
811.3 439.691 0.00654808 0 0.00654808
97.0973 442.804 0.00519345 0 0.00519345
97.0727 444.737 0.00556346 0 0.00556346
314.947 446.606 0.00469801 0 0.00469801
349.648 446.332 0.00510839 0 0.00510839
363.202 445.854 0.00610652 0 0.00610652
125.448 448.082 0.0058127 0 0.0058127
247.13 447.567 0.00683546 0 0.00683546
458.987 448.604 0.00703154 0 0.00703154
202.52 450.88 0.00635953 0 0.00635953
234.353 448.869 0.00513621 0 0.00513621
677.136 449.6 0.00500665 0 0.00500665
719.272 449.877 0.00573171 0 0.00573171
754.892 450.968 0.00565784 0 0.00565784
163.594 451.771 0.00705155 0 0.00705155
643.582 452.489 0.00515075 0 0.00515075
616.026 453.677 0.00646173 0 0.00646173
811.328 453.968 0.00597417 0 0.00597417
519.947 457.277 0.0080928 0 0.0080928
95.675 457.426 0.00540348 0 0.00540348
214.576 457.627 0.00643818 0 0.00643818
109.799 461.787 0.00579015 0 0.00579015
115.896 462.388 0.00603115 0 0.00603115
338.823 462.813 0.00595608 0 0.00595608
351.48 463.771 0.00727465 0 0.00727465
136.384 465.806 0.00566736 0 0.00566736
411.959 468.311 0.00650606 0 0.00650606
493.732 469.062 0.00896711 0 0.00896711
812.381 468.161 0.00620655 0 0.00620655
124.149 469.36 0.00681289 0 0.00681289
398.127 469.378 0.00556785 0 0.00556785
462.06 469.381 0.0063983 0 0.0063983
475.622 469.199 0.0063141 0 0.0063141
518.885 470.738 0.00767845 0 0.00767845
571.088 471.425 0.00820573 0 0.00820573
203.378 474.025 0.00682729 0 0.00682729
383.155 473.255 0.00553543 0 0.00553543
529.411 474.337 0.00511381 0 0.00511381
27.6251 476.053 0.00742564 0 0.00742564
85.7956 476.243 0.00640193 0 0.00640193
72.3288 477.337 0.00655852 0 0.00655852
85.7389 479.457 0.00528582 0 0.00528582
276.671 480.015 0.00506263 0 0.00506263
817.061 479.346 0.00561913 0 0.00561913
117.837 482.291 0.00597876 0 0.00597876
422.673 483.876 0.00696434 0 0.00696434
539.419 484.663 0.0066399 0 0.0066399
472.669 486.999 0.00541382 0 0.00541382
569.555 485.455 0.00583111 0 0.00583111
582.807 485.952 0.0057401 0 0.0057401
640.249 486.662 0.00623294 0 0.00623294
241.387 491.387 0.00543886 0 0.00543886
523.073 491.191 0.00557456 0 0.00557456
534.822 496.656 0.00626591 0 0.00626591
304.367 500.507 0.00532756 0 0.00532756
295.714 503.342 0.00639729 0 0.00639729
312.147 510.437 0.00558892 0 0.00558892
490.135 512.37 0.00616447 0 0.00616447
374.71 513.707 0.00528748 0 0.00528748
378.597 513.25 0.00538499 0 0.00538499
280.946 515.569 0.00585327 0 0.00585327
257.693 519.488 0.00621898 0 0.00621898
462.91 519.957 0.00558856 0 0.00558856
518.01 524.912 0.00649027 0 0.00649027
179.022 525.491 0.00532653 0 0.00532653
504.114 525.292 0.00595581 0 0.00595581
110.332 533.799 0.00636832 0 0.00636832
36.4233 543.944 0.00660598 0 0.00660598
179.505 543.701 0.00583922 0 0.00583922
581.465 556.148 0.00734672 0 0.00734672
184.116 558.827 0.00583991 0 0.00583991
164.993 559.537 0.00536302 0 0.00536302
562.094 565.36 0.00554334 0 0.00554334
595.133 176.784 0.00276352 0 0.00276352
642.856 225.277 0.00309587 0 0.00309587
591.987 227.606 0.00362426 0 0.00362426
675.995 229.435 0.00248176 0 0.00248176
553.667 231.952 0.00324665 0 0.00324665
393.959 246.874 0.00218673 0 0.00218673
386.286 251.791 0.00278207 0 0.00278207
459.989 264.426 0.00335098 0 0.00335098
479.824 269.479 0.00273367 0 0.00273367
691.186 268.4 0.00324203 0 0.00324203
725.981 273.568 0.00326664 0 0.00326664
779.299 270.749 0.00310411 0 0.00310411
363.744 279.557 0.00266709 0 0.00266709
419.623 283.989 0.00328167 0 0.00328167
440.718 283.262 0.00370558 0 0.00370558
484.659 285.96 0.00274134 0 0.00274134
420.383 301.245 0.00319949 0 0.00319949
329.215 309.214 0.00291448 0 0.00291448
633.649 306.943 0.0034587 0 0.0034587
777.707 307.942 0.00314294 0 0.00314294
311.581 312.542 0.00284271 0 0.00284271
667.409 324.187 0.00416104 0 0.00416104
800.272 327.81 0.00402944 0 0.00402944
640.901 347.816 0.003392 0 0.003392
804.008 352.517 0.00321727 0 0.00321727
479.415 356.23 0.0033053 0 0.0033053
503.404 357.118 0.00338959 0 0.00338959
383.96 358.828 0.0030623 0 0.0030623
404.243 359.802 0.00290645 0 0.00290645
318.841 371.915 0.0040509 0 0.0040509
620.672 372.894 0.00325792 0 0.00325792
382.665 375.933 0.00328343 0 0.00328343
405.999 378.434 0.0027047 0 0.0027047
39.2684 384.72 0.00259972 0 0.00259972
729.377 384.21 0.00374658 0 0.00374658
746.878 383.736 0.00384252 0 0.00384252
195.077 386.953 0.00267335 0 0.00267335
619.912 399.77 0.00287776 0 0.00287776
688.025 408.478 0.00338153 0 0.00338153
738.059 409.472 0.002536 0 0.002536
760.047 407.96 0.00343333 0 0.00343333
810.896 408.501 0.00319429 0 0.00319429
121.339 411.075 0.0033311 0 0.0033311
168.464 413.587 0.00365492 0 0.00365492
75.1533 417.551 0.00316027 0 0.00316027
314.853 427.11 0.00406513 0 0.00406513
618.871 445.381 0.00266891 0 0.00266891
117.679 447.535 0.00295527 0 0.00295527
296.17 449.768 0.00316748 0 0.00316748
314.498 448.712 0.00420815 0 0.00420815
332.059 448.813 0.00347646 0 0.00347646
348.731 447.904 0.00399901 0 0.00399901
678.001 448.962 0.00441107 0 0.00441107
716.289 447.868 0.00337536 0 0.00337536
737.275 446.808 0.00302361 0 0.00302361
217.006 452.16 0.00388145 0 0.00388145
481.098 451.392 0.00317223 0 0.00317223
535.531 451.907 0.00369057 0 0.00369057
638.812 451.55 0.00290784 0 0.00290784
659.957 453.178 0.00334144 0 0.00334144
680.7 464.298 0.00359979 0 0.00359979
240.365 469.231 0.00354228 0 0.00354228
398.063 468.672 0.00470333 0 0.00470333
445.513 477.025 0.0023907 0 0.0023907
477.722 491.045 0.00386734 0 0.00386734
260.74 500.452 0.00239694 0 0.00239694
279.385 499.578 0.00303845 0 0.00303845
234.876 509.108 0.00341921 0 0.00341921
514.188 507.801 0.00301619 0 0.00301619
319.485 513.059 0.0030131 0 0.0030131
280.387 522.012 0.00314777 0 0.00314777
301.541 522.376 0.00236379 0 0.00236379
244.918 526.357 0.00328126 0 0.00328126
339.969 539.516 0.00293571 0 0.00293571
38.4794 562.823 0.00404513 0 0.00404513
616.328 162.727 0.00159126 0 0.00159126
631.607 187.693 0.00146483 0 0.00146483
600.488 201.483 0.00168106 0 0.00168106
575.834 203.275 0.00139404 0 0.00139404
365.74 214.898 0.00122334 0 0.00122334
401.291 220.636 0.00144211 0 0.00144211
406.526 220.854 0.0013304 0 0.0013304
488.014 219.324 0.00164408 0 0.00164408
502.572 220.507 0.00137694 0 0.00137694
531.658 221.2 0.00171192 0 0.00171192
584.851 220.995 0.00145805 0 0.00145805
328.936 223.091 0.00134155 0 0.00134155
438.366 246.944 0.00134492 0 0.00134492
328.599 254.503 0.00167014 0 0.00167014
558.529 257.513 0.00160093 0 0.00160093
476.902 276.174 0.00174468 0 0.00174468
387.046 279.242 0.00175538 0 0.00175538
537.799 281.746 0.00153108 0 0.00153108
466.976 293.189 0.00169801 0 0.00169801
467.781 301.022 0.00169347 0 0.00169347
390.933 305.76 0.00152853 0 0.00152853
761.092 301.981 0.00134683 0 0.00134683
354.441 316.113 0.00125879 0 0.00125879
525.754 325.666 0.00110164 0 0.00110164
399.835 332.418 0.00145949 0 0.00145949
339.575 343.973 0.00161833 0 0.00161833
371.731 343.817 0.00118062 0 0.00118062
565.251 348.283 0.00159002 0 0.00159002
659.82 350.197 0.00142199 0 0.00142199
534.298 360.807 0.00189637 0 0.00189637
568.508 373.367 0.00154689 0 0.00154689
660.283 377.64 0.00138504 0 0.00138504
186.325 383.972 0.00139442 0 0.00139442
564.44 384.843 0.00126398 0 0.00126398
592.087 383.658 0.00151079 0 0.00151079
181.73 385.934 0.00138532 0 0.00138532
312.683 390.061 0.00227864 0 0.00227864
311.35 395.471 0.00169552 0 0.00169552
209.054 401.784 0.00149858 0 0.00149858
336.497 399.719 0.00175419 0 0.00175419
650.216 404.912 0.00155992 0 0.00155992
711.299 403.597 0.00182338 0 0.00182338
379.521 406.907 0.00162071 0 0.00162071
772.433 406.036 0.00137912 0 0.00137912
411.654 411.293 0.00151444 0 0.00151444
535.936 416.612 0.00141598 0 0.00141598
185.132 423.394 0.0016033 0 0.0016033
195.171 423.75 0.00148448 0 0.00148448
338.151 424.996 0.00137563 0 0.00137563
711.952 431.24 0.00149897 0 0.00149897
738.302 432.818 0.00138555 0 0.00138555
74.489 455.609 0.00178536 0 0.00178536
592.707 459.74 0.00132351 0 0.00132351
737.856 460.667 0.00144229 0 0.00144229
188.714 464.957 0.00136473 0 0.00136473
160.3 468.084 0.00201618 0 0.00201618
497.003 469.712 0.00177942 0 0.00177942
137.368 475.726 0.00147622 0 0.00147622
662.065 476.637 0.00143918 0 0.00143918
226.315 485.73 0.00141741 0 0.00141741
629.935 484.488 0.00144762 0 0.00144762
364.871 490.562 0.00128199 0 0.00128199
373.928 492.125 0.0013191 0 0.0013191
595.737 495.842 0.00107995 0 0.00107995
445.816 503.574 0.0015278 0 0.0015278
362.603 513.749 0.00172535 0 0.00172535
640.866 527.536 0.00136694 0 0.00136694
609.032 556.931 0.00176186 0 0.00176186
374.903 194.165 0.000650763 0 0.000650763
483.368 204.399 0.000656878 0 0.000656878
633.263 203.401 0.000882991 0 0.000882991
410.751 213.25 0.000769682 0 0.000769682
577.623 232.603 0.000819014 0 0.000819014
625.657 236.646 0.000914657 0 0.000914657
368.331 245.327 0.00120526 0 0.00120526
756.108 280.164 0.000675329 0 0.000675329
363.207 288.696 0.0010914 0 0.0010914
418.546 289.574 0.000659721 0 0.000659721
765.436 283.689 0.000648031 0 0.000648031
539.414 293.574 0.000876556 0 0.000876556
257.613 315.948 0.000676821 0 0.000676821
458.182 320.118 0.00075956 0 0.00075956
398.827 335.789 0.000952498 0 0.000952498
456.192 332.496 0.000818128 0 0.000818128
528.079 334.322 0.000904371 0 0.000904371
304.486 382.264 0.000773224 0 0.000773224
742.736 394.301 0.000774836 0 0.000774836
157.642 425.455 0.000772675 0 0.000772675
128.736 439.651 0.000679219 0 0.000679219
404.522 456.494 0.000669976 0 0.000669976
318.972 467.816 0.000694842 0 0.000694842
560.771 478.455 0.000693012 0 0.000693012
366.69 488.637 0.000962688 0 0.000962688
609.255 489.875 0.000717708 0 0.000717708
410.525 505.026 0.000871666 0 0.000871666
608.189 533.512 0.000677333 0 0.000677333
428.165 194.946 0.000314864 0 0.000314864
497.311 194.436 0.00034111 0 0.00034111
428.028 204.047 0.000326623 0 0.000326623
530.555 265.578 0.000452837 0 0.000452837
415.008 269.705 0.000273509 0 0.000273509
275.728 277.061 0.000546468 0 0.000546468
654.702 286.461 0.000386683 0 0.000386683
709.472 283.908 0.000438585 0 0.000438585
578.593 308.024 0.000400525 0 0.000400525
586.224 334.058 0.000423164 0 0.000423164
211.812 343.987 0.000351902 0 0.000351902
220.113 358.187 0.000332831 0 0.000332831
300.197 362.861 0.000376421 0 0.000376421
415.26 361.591 0.000443191 0 0.000443191
571.678 360.727 0.000349552 0 0.000349552
233.332 394.595 0.000470264 0 0.000470264
232.916 409.444 0.000380652 0 0.000380652
569.024 434.65 0.000377566 0 0.000377566
628.592 448.621 0.000394822 0 0.000394822
279.667 477.055 0.000324589 0 0.000324589
671.685 525.234 0.000363801 0 0.000363801
418.834 534.279 0.000309884 0 0.000309884
554.532 538.331 0.000437593 0 0.000437593
