1
1889
341.085 8.99774 0.0654833 0 0.0654833
338.521 12.344 0.046447 0 0.046447
343.883 11.792 0.0465181 0 0.0465181
10.0066 23.1338 0.0664553 0 0.0664553
608.11 74.5883 0.0407341 0 0.0407341
330.293 86.8621 0.0500738 0 0.0500738
539.44 103.386 0.0607145 0 0.0607145
612.953 114.413 0.0522691 0 0.0522691
261.975 118.294 0.0638271 0 0.0638271
545.93 122.191 0.0661582 0 0.0661582
608.004 123.47 0.0525128 0 0.0525128
599.292 127.699 0.0508103 0 0.0508103
574.294 129.801 0.0582438 0 0.0582438
641.573 130.839 0.0594862 0 0.0594862
351.236 132.525 0.0466387 0 0.0466387
634.394 132.792 0.0547141 0 0.0547141
326.463 133.995 0.0365074 0 0.0365074
479.388 135.875 0.051675 0 0.051675
357.92 137.387 0.0483884 0 0.0483884
629.817 137.547 0.0411109 0 0.0411109
353.588 140.155 0.0596836 0 0.0596836
633.318 140.183 0.0442106 0 0.0442106
360.822 142.867 0.0489467 0 0.0489467
589.152 143.488 0.0587721 0 0.0587721
831.936 144.587 0.0480777 0 0.0480777
350.07 147.194 0.0488779 0 0.0488779
557.017 150.631 0.0644777 0 0.0644777
509.761 156.588 0.0530438 0 0.0530438
525.495 157.878 0.03795 0 0.03795
521.122 159.866 0.0766887 0 0.0766887
520.189 166.41 0.0680135 0 0.0680135
672.232 169.771 0.051626 0 0.051626
677.393 171.554 0.0433207 0 0.0433207
673.057 173.47 0.0630384 0 0.0630384
325.283 176.333 0.0478917 0 0.0478917
369.972 183.453 0.0409647 0 0.0409647
365.493 184.467 0.0379343 0 0.0379343
482.034 184.952 0.0459994 0 0.0459994
583.947 184.68 0.038145 0 0.038145
586.801 186.703 0.0552146 0 0.0552146
376.334 194.918 0.0372337 0 0.0372337
620.13 195.212 0.0602562 0 0.0602562
359.452 195.977 0.0449858 0 0.0449858
554.951 196.923 0.0597156 0 0.0597156
373.559 200.648 0.0602301 0 0.0602301
369.001 201.281 0.054308 0 0.054308
682.296 202.779 0.0478043 0 0.0478043
670.019 210.593 0.0420829 0 0.0420829
618.598 213.157 0.0582145 0 0.0582145
354.944 215.726 0.0475282 0 0.0475282
361.125 216.828 0.0419227 0 0.0419227
102.503 218.362 0.0526288 0 0.0526288
471.898 218.055 0.048498 0 0.048498
371.367 218.671 0.0374822 0 0.0374822
631.529 220.599 0.0348816 0 0.0348816
562.351 220.85 0.0494218 0 0.0494218
356.878 222.42 0.0492576 0 0.0492576
475.541 222.025 0.0683971 0 0.0683971
471.786 222.809 0.0538874 0 0.0538874
628.345 222.764 0.0626047 0 0.0626047
659.901 224.168 0.0519478 0 0.0519478
385.122 226.043 0.0412037 0 0.0412037
516.21 226.226 0.0680145 0 0.0680145
792.523 225.944 0.0437818 0 0.0437818
183.768 226.604 0.0586506 0 0.0586506
500.046 226.743 0.0647915 0 0.0647915
374.201 229.377 0.0578662 0 0.0578662
806.668 230.173 0.0378492 0 0.0378492
282.011 231.315 0.0528929 0 0.0528929
366.445 230.551 0.0498403 0 0.0498403
370.923 230.938 0.0466356 0 0.0466356
812.29 230.681 0.0610234 0 0.0610234
355.317 233.323 0.0471556 0 0.0471556
471.557 233.448 0.0549837 0 0.0549837
476.584 233.25 0.0551741 0 0.0551741
560.955 233.697 0.0578066 0 0.0578066
811.421 234.529 0.0618438 0 0.0618438
806.826 234.518 0.0505567 0 0.0505567
816.318 234.677 0.061399 0 0.061399
366.965 235.771 0.0476823 0 0.0476823
557.937 235.976 0.0426444 0 0.0426444
792.949 235.686 0.0608249 0 0.0608249
826.718 236.35 0.0458338 0 0.0458338
471.703 237.019 0.0495858 0 0.0495858
476.228 236.773 0.0443208 0 0.0443208
326.898 238.001 0.0644807 0 0.0644807
386.998 238.464 0.0576321 0 0.0576321
436.162 237.782 0.0628384 0 0.0628384
813.92 239.436 0.0454505 0 0.0454505
561.313 240.131 0.0344414 0 0.0344414
628.078 239.558 0.0614781 0 0.0614781
793.123 240.521 0.0610002 0 0.0610002
434.025 240.711 0.0586969 0 0.0586969
493.129 241.734 0.0673533 0 0.0673533
826.041 241.665 0.0445132 0 0.0445132
387.673 242.6 0.0684386 0 0.0684386
443.054 242.511 0.0612158 0 0.0612158
447.099 243.287 0.0682888 0 0.0682888
450.923 242.534 0.0699621 0 0.0699621
475.466 242.58 0.0593283 0 0.0593283
479.89 242.828 0.0610479 0 0.0610479
484.268 242.791 0.056673 0 0.056673
488.801 242.773 0.0478883 0 0.0478883
326.833 243.872 0.0499787 0 0.0499787
522.086 243.721 0.0450312 0 0.0450312
461.79 245.796 0.0612511 0 0.0612511
570.835 246.291 0.0413325 0 0.0413325
643.113 246.032 0.0379235 0 0.0379235
447.67 246.962 0.0575756 0 0.0575756
478.395 247.478 0.0403314 0 0.0403314
566.528 247.222 0.0632486 0 0.0632486
319.61 249.556 0.0528888 0 0.0528888
490.835 248.517 0.0420072 0 0.0420072
761.163 249.085 0.0545692 0 0.0545692
732.62 250.457 0.0571321 0 0.0571321
836.139 251.186 0.0348437 0 0.0348437
785.441 252.385 0.0735295 0 0.0735295
732.56 254.416 0.0445405 0 0.0445405
758.457 253.968 0.0571229 0 0.0571229
424.472 255.978 0.0642525 0 0.0642525
645.062 257.339 0.0380089 0 0.0380089
676.307 259.026 0.0369068 0 0.0369068
376.058 260.464 0.0470307 0 0.0470307
414.857 260.695 0.0445792 0 0.0445792
396.727 262.171 0.0435078 0 0.0435078
324.881 262.996 0.0471559 0 0.0471559
394.239 264.484 0.0754132 0 0.0754132
527.588 263.768 0.0420316 0 0.0420316
339.987 264.691 0.0476557 0 0.0476557
503.487 265.301 0.0495701 0 0.0495701
561.764 265.414 0.0647211 0 0.0647211
18.8269 266.053 0.045213 0 0.045213
14.0725 268.085 0.0448915 0 0.0448915
394.399 268.004 0.0663821 0 0.0663821
576.304 267.76 0.0518208 0 0.0518208
341.932 269.252 0.0393368 0 0.0393368
529.393 269.127 0.0533028 0 0.0533028
17.6051 270.008 0.0552171 0 0.0552171
507.597 270.005 0.0553492 0 0.0553492
413.436 271.301 0.0693465 0 0.0693465
503.499 270.743 0.0489199 0 0.0489199
512.711 271.382 0.0684873 0 0.0684873
23.2453 272.644 0.0540119 0 0.0540119
319.48 273.301 0.0491916 0 0.0491916
571.522 273.632 0.0627296 0 0.0627296
19.6845 274.399 0.0478502 0 0.0478502
575.923 273.536 0.0429905 0 0.0429905
395.183 274.655 0.047148 0 0.047148
571.751 277.553 0.0616419 0 0.0616419
575.974 278.002 0.0471325 0 0.0471325
270.791 279.011 0.0375773 0 0.0375773
648.888 278.732 0.0532468 0 0.0532468
718.366 279.346 0.0341005 0 0.0341005
732.075 279.143 0.0387457 0 0.0387457
337.368 280.088 0.0672522 0 0.0672522
409.589 280.554 0.0588364 0 0.0588364
539.884 281.721 0.0688822 0 0.0688822
721.015 282.131 0.0556566 0 0.0556566
730.102 282.066 0.0605832 0 0.0605832
797.312 281.541 0.0488097 0 0.0488097
392.787 283.27 0.0494096 0 0.0494096
483.746 286.147 0.0503745 0 0.0503745
797.092 285.904 0.0452795 0 0.0452795
391.467 287.466 0.0389547 0 0.0389547
508.112 287.982 0.0482156 0 0.0482156
547.797 288.09 0.0563439 0 0.0563439
14.2684 289.284 0.0466742 0 0.0466742
803.596 289.578 0.0695202 0 0.0695202
338.557 289.903 0.0536882 0 0.0536882
394.025 291.589 0.0404622 0 0.0404622
793.517 290.626 0.0672496 0 0.0672496
414.456 291.777 0.0340856 0 0.0340856
649.849 292.1 0.0512712 0 0.0512712
689.137 291.526 0.0492895 0 0.0492895
21.0062 293.115 0.0420995 0 0.0420995
169.029 293.541 0.0598586 0 0.0598586
213.58 294.511 0.0645511 0 0.0645511
340.092 294.486 0.0499307 0 0.0499307
47.1701 294.735 0.0440342 0 0.0440342
301.338 294.498 0.0390924 0 0.0390924
123.92 296.531 0.0657906 0 0.0657906
180.665 296.288 0.0579783 0 0.0579783
806.407 296.464 0.0475218 0 0.0475218
59.5091 296.97 0.0592408 0 0.0592408
207.302 296.583 0.0740511 0 0.0740511
257.048 297.04 0.0643435 0 0.0643435
303.569 297.17 0.0588267 0 0.0588267
331.384 297.125 0.0568729 0 0.0568729
152.763 297.592 0.058533 0 0.058533
42.4892 300.078 0.0545953 0 0.0545953
49.0189 300.261 0.049845 0 0.049845
320.74 299.622 0.0631257 0 0.0631257
160.665 300.574 0.0380861 0 0.0380861
112.817 302.3 0.0523978 0 0.0523978
341.154 302.199 0.0670599 0 0.0670599
444.019 301.696 0.0598002 0 0.0598002
296.819 303.448 0.0400698 0 0.0400698
334.482 303.488 0.0499323 0 0.0499323
796.345 303.333 0.0632796 0 0.0632796
151.996 303.786 0.0535542 0 0.0535542
199.489 306.133 0.060968 0 0.060968
183.122 307.057 0.0685355 0 0.0685355
189.861 307.667 0.0509226 0 0.0509226
651.444 307.995 0.0408023 0 0.0408023
106.591 308.953 0.062981 0 0.062981
144.475 309.175 0.0595296 0 0.0595296
159.958 308.665 0.0553676 0 0.0553676
152.978 309.852 0.053772 0 0.053772
194.653 309.569 0.0436704 0 0.0436704
698.566 312.094 0.0493946 0 0.0493946
676.599 312.756 0.0459804 0 0.0459804
734.836 312.86 0.0546836 0 0.0546836
792.935 313.361 0.0517769 0 0.0517769
826.203 313.07 0.0614073 0 0.0614073
151.917 314.161 0.0496651 0 0.0496651
652.066 314.556 0.0403326 0 0.0403326
327.57 314.713 0.042019 0 0.042019
690.365 315.422 0.0591931 0 0.0591931
717.966 314.847 0.0348768 0 0.0348768
732.001 315.194 0.0355405 0 0.0355405
139.419 315.924 0.0478877 0 0.0478877
225.089 316.421 0.0475412 0 0.0475412
631.21 316.093 0.0622014 0 0.0622014
84.8585 317.204 0.0463796 0 0.0463796
182.719 316.684 0.0445056 0 0.0445056
335.593 317.796 0.0623795 0 0.0623795
648.804 318.358 0.0456899 0 0.0456899
206.921 319.141 0.0467078 0 0.0467078
228.736 319.074 0.0564211 0 0.0564211
656.996 319.337 0.043437 0 0.043437
272.852 319.725 0.0595936 0 0.0595936
328.616 319.774 0.0602289 0 0.0602289
630.797 320.281 0.0568931 0 0.0568931
634.885 319.857 0.0526282 0 0.0526282
56.967 321.117 0.0440871 0 0.0440871
90.4397 321.407 0.061935 0 0.061935
298.644 321.158 0.0491693 0 0.0491693
374.543 320.658 0.0971422 0 0.0971422
84.5351 322.147 0.0494141 0 0.0494141
138.361 322.171 0.0439633 0 0.0439633
148.075 321.923 0.0579413 0 0.0579413
226.543 322.312 0.0449345 0 0.0449345
83.116 322.706 0.0577882 0 0.0577882
132.595 323.384 0.0496749 0 0.0496749
52.3717 323.753 0.0510803 0 0.0510803
233.15 324.449 0.0567494 0 0.0567494
33.1535 324.775 0.0382151 0 0.0382151
178.229 325.316 0.0446059 0 0.0446059
299.863 324.758 0.0548689 0 0.0548689
83.8269 326.255 0.054034 0 0.054034
113.544 326.42 0.0442815 0 0.0442815
61.969 326.687 0.0632086 0 0.0632086
174.629 326.781 0.0623965 0 0.0623965
50.2209 327.953 0.0405813 0 0.0405813
56.6877 328.133 0.0498958 0 0.0498958
131.82 327.787 0.0635337 0 0.0635337
170.617 328.118 0.0462191 0 0.0462191
622.083 328.015 0.0483484 0 0.0483484
633.984 328.039 0.049333 0 0.049333
66.8645 328.785 0.0525243 0 0.0525243
137.448 328.508 0.037548 0 0.037548
300.494 328.863 0.052076 0 0.052076
434.157 328.676 0.0543059 0 0.0543059
627.774 328.518 0.0370389 0 0.0370389
486.096 329.488 0.0575955 0 0.0575955
54.4474 331.491 0.0622007 0 0.0622007
175.85 330.693 0.0562556 0 0.0562556
248.992 331.144 0.0548679 0 0.0548679
274.428 330.674 0.0487484 0 0.0487484
501.368 330.5 0.0633224 0 0.0633224
34.3443 331.855 0.0365889 0 0.0365889
436.781 331.743 0.0507663 0 0.0507663
590.48 331.565 0.0617309 0 0.0617309
815.2 332.046 0.0532745 0 0.0532745
50.6142 333.097 0.0558387 0 0.0558387
169.956 333.066 0.0433474 0 0.0433474
245.34 332.994 0.047713 0 0.047713
316.429 332.814 0.0704961 0 0.0704961
373.328 333.557 0.0492812 0 0.0492812
82.6893 333.926 0.0436232 0 0.0436232
91.3729 333.893 0.0476469 0 0.0476469
202.03 334.348 0.0442879 0 0.0442879
208.84 333.996 0.0409936 0 0.0409936
667.841 333.819 0.062808 0 0.062808
672.035 333.684 0.0599574 0 0.0599574
810.79 333.735 0.0607371 0 0.0607371
179.938 335.103 0.0690035 0 0.0690035
500.55 335.207 0.047832 0 0.047832
61.3335 336.267 0.0520165 0 0.0520165
175.669 336.086 0.0520753 0 0.0520753
297.939 336.089 0.0429689 0 0.0429689
626.102 335.593 0.0636861 0 0.0636861
52.1498 336.675 0.0513915 0 0.0513915
316.252 337.176 0.0468181 0 0.0468181
320.155 336.663 0.0559924 0 0.0559924
413.769 337.434 0.0449211 0 0.0449211
274.868 338.246 0.0517575 0 0.0517575
576.165 337.868 0.0511707 0 0.0511707
668.832 338.191 0.0548671 0 0.0548671
672.966 338.276 0.0410855 0 0.0410855
787.992 337.502 0.0485203 0 0.0485203
118.16 339.144 0.0645023 0 0.0645023
240.967 339.566 0.0693872 0 0.0693872
807.277 338.99 0.0482066 0 0.0482066
91.9287 339.622 0.0446594 0 0.0446594
256.161 340.47 0.0702349 0 0.0702349
343.544 340.262 0.0412883 0 0.0412883
51.2482 340.82 0.0607189 0 0.0607189
176.206 341.023 0.043191 0 0.043191
209.807 340.803 0.0442993 0 0.0442993
295.772 340.468 0.0609853 0 0.0609853
316.867 341.172 0.070125 0 0.070125
787.352 342.23 0.0538013 0 0.0538013
94.1956 342.948 0.0567556 0 0.0567556
206.228 342.946 0.0447911 0 0.0447911
246.201 343.243 0.0553444 0 0.0553444
299.835 342.838 0.0445687 0 0.0445687
340.017 342.779 0.0410877 0 0.0410877
432.505 343.166 0.0522185 0 0.0522185
72.5547 344.217 0.0464392 0 0.0464392
181.7 343.796 0.0448912 0 0.0448912
676.601 344.224 0.0421051 0 0.0421051
754.226 343.984 0.0408567 0 0.0408567
763.072 343.638 0.0432469 0 0.0432469
778.662 343.986 0.0508664 0 0.0508664
219.341 345.435 0.0456867 0 0.0456867
436.947 344.929 0.057026 0 0.057026
441.582 344.487 0.0564892 0 0.0564892
346.513 346.017 0.0580684 0 0.0580684
609.855 345.825 0.0604807 0 0.0604807
709.796 345.572 0.0436489 0 0.0436489
717.341 346.013 0.0460887 0 0.0460887
42.5663 346.917 0.0568974 0 0.0568974
382.937 347.09 0.0463422 0 0.0463422
427.799 347.223 0.0512355 0 0.0512355
759.156 346.818 0.0619173 0 0.0619173
500.338 347.862 0.0591193 0 0.0591193
713.641 348.211 0.0594672 0 0.0594672
251.68 349.384 0.0610904 0 0.0610904
434.197 348.843 0.045584 0 0.045584
104.676 349.872 0.0587388 0 0.0587388
480.683 350.514 0.0557629 0 0.0557629
13.9721 350.674 0.0461039 0 0.0461039
96.8473 351.246 0.0527724 0 0.0527724
137.507 350.674 0.0574643 0 0.0574643
247.001 350.685 0.0500102 0 0.0500102
117.19 351.828 0.0460085 0 0.0460085
484.822 351.465 0.0444145 0 0.0444145
503.806 352.197 0.048157 0 0.048157
44.4313 352.578 0.0524064 0 0.0524064
499.801 352.602 0.0490804 0 0.0490804
538.927 352.725 0.041213 0 0.041213
248.713 354.302 0.0503809 0 0.0503809
302.841 353.644 0.0586845 0 0.0586845
104.127 354.9 0.0365827 0 0.0365827
215.115 355.181 0.0477277 0 0.0477277
433.473 354.76 0.0551657 0 0.0551657
72.1894 356.238 0.0672031 0 0.0672031
158.406 356.215 0.0388802 0 0.0388802
208.58 356.312 0.0490784 0 0.0490784
300.165 355.579 0.0458099 0 0.0458099
483.781 355.598 0.0542901 0 0.0542901
500.637 356.401 0.0489658 0 0.0489658
541.248 356.386 0.0458467 0 0.0458467
44.8632 357.005 0.0562444 0 0.0562444
92.1076 356.605 0.0598299 0 0.0598299
185.282 357.391 0.0531104 0 0.0531104
638.234 357.701 0.061312 0 0.061312
222.515 358.854 0.0507818 0 0.0507818
103.801 360.194 0.0514086 0 0.0514086
226.559 360.255 0.0566547 0 0.0566547
829.881 360.342 0.0503307 0 0.0503307
143.573 361.332 0.0537441 0 0.0537441
200.779 361.136 0.0570247 0 0.0570247
332.715 362.294 0.0643232 0 0.0643232
629.814 362.02 0.0573384 0 0.0573384
391.152 363.504 0.0632233 0 0.0632233
394.904 363.424 0.0538517 0 0.0538517
639.118 362.601 0.0475462 0 0.0475462
310.952 364.275 0.0435478 0 0.0435478
148.601 365.157 0.050145 0 0.050145
251.175 364.922 0.0457162 0 0.0457162
272.54 365.826 0.0548611 0 0.0548611
413.65 365.814 0.0602652 0 0.0602652
417.586 365.791 0.0532262 0 0.0532262
427.106 366.237 0.0567516 0 0.0567516
313.307 366.9 0.059302 0 0.059302
432.392 367.002 0.0470728 0 0.0470728
629.67 367.333 0.0502631 0 0.0502631
234.652 367.947 0.0474509 0 0.0474509
633.946 367.793 0.0478963 0 0.0478963
638.442 367.894 0.0508099 0 0.0508099
778.004 367.983 0.053719 0 0.053719
786.905 368.138 0.044531 0 0.044531
807.425 367.574 0.0415024 0 0.0415024
833.363 367.713 0.0589928 0 0.0589928
84.7652 368.602 0.0536426 0 0.0536426
115.646 369.15 0.0568791 0 0.0568791
161.501 368.968 0.0483404 0 0.0483404
808.796 368.989 0.0477048 0 0.0477048
209.091 370.517 0.0578163 0 0.0578163
304.284 369.643 0.0500324 0 0.0500324
308.179 370.19 0.0578345 0 0.0578345
118.991 370.738 0.0421211 0 0.0421211
511.776 371.895 0.0567258 0 0.0567258
111.133 373.125 0.0469883 0 0.0469883
167.96 372.817 0.0462679 0 0.0462679
214.344 372.887 0.046596 0 0.046596
429.259 372.707 0.0472449 0 0.0472449
812.01 373.385 0.0621292 0 0.0621292
827.063 373.247 0.0557172 0 0.0557172
36.7462 374.402 0.0552091 0 0.0552091
207.537 373.815 0.0679263 0 0.0679263
351.609 374.084 0.0634512 0 0.0634512
572.076 373.923 0.0695198 0 0.0695198
652.506 373.539 0.0425351 0 0.0425351
56.1883 375.138 0.0561941 0 0.0561941
676.305 375.489 0.0437809 0 0.0437809
203.941 375.662 0.0503228 0 0.0503228
367.819 376.008 0.0366071 0 0.0366071
394.878 375.919 0.0402641 0 0.0402641
260.183 377.043 0.0634203 0 0.0634203
349.715 376.944 0.0376968 0 0.0376968
612.672 376.312 0.064818 0 0.064818
617.204 376.669 0.0484177 0 0.0484177
626.003 376.8 0.0531607 0 0.0531607
654.136 376.989 0.0532199 0 0.0532199
665.541 377.276 0.0416843 0 0.0416843
58.9755 377.806 0.0477203 0 0.0477203
290.35 377.534 0.0523167 0 0.0523167
629.609 378.384 0.045085 0 0.045085
638.387 378.001 0.0532332 0 0.0532332
308.681 379.272 0.0537319 0 0.0537319
774.134 378.896 0.0547996 0 0.0547996
802.439 379.129 0.0524839 0 0.0524839
258.021 379.883 0.0383696 0 0.0383696
651.583 379.693 0.0420478 0 0.0420478
777.64 379.486 0.0350121 0 0.0350121
786.691 379.939 0.0556522 0 0.0556522
576.057 382.11 0.0541214 0 0.0541214
799.964 382.013 0.0414753 0 0.0414753
618.172 382.755 0.0396192 0 0.0396192
220.651 383.598 0.0550203 0 0.0550203
633.52 383.822 0.0840436 0 0.0840436
501.946 386.497 0.0427339 0 0.0427339
236.056 388.491 0.0516177 0 0.0516177
223.423 388.903 0.0484449 0 0.0484449
499.622 390.198 0.0548484 0 0.0548484
525.532 390.301 0.0589099 0 0.0589099
585.349 390.06 0.0557033 0 0.0557033
503.598 391.422 0.0553556 0 0.0553556
127.573 392.045 0.0669269 0 0.0669269
236.742 392.82 0.0466597 0 0.0466597
482.497 392.832 0.0479621 0 0.0479621
586.392 393.962 0.0391749 0 0.0391749
628.977 394.244 0.051952 0 0.051952
252.747 395.225 0.0612159 0 0.0612159
572.059 394.838 0.0558096 0 0.0558096
575.848 395.102 0.0607343 0 0.0607343
85.845 397.141 0.0419016 0 0.0419016
432.902 397.269 0.0337953 0 0.0337953
463.126 398.054 0.0423561 0 0.0423561
189.122 398.911 0.0418383 0 0.0418383
575.727 399.389 0.0575605 0 0.0575605
394.023 399.592 0.0477821 0 0.0477821
83.2973 400.807 0.0500062 0 0.0500062
450.491 401.478 0.0523713 0 0.0523713
70.2654 403.403 0.048639 0 0.048639
396.115 402.859 0.0608991 0 0.0608991
86.1459 403.932 0.0385176 0 0.0385176
174.059 406.01 0.0559146 0 0.0559146
338.847 406.069 0.0530184 0 0.0530184
431.71 405.651 0.0379696 0 0.0379696
444.128 407.155 0.0433574 0 0.0433574
514.012 406.608 0.0439723 0 0.0439723
395.591 407.779 0.0560409 0 0.0560409
493.614 408.379 0.0454055 0 0.0454055
175.704 408.995 0.050093 0 0.050093
41.5486 410.286 0.0664185 0 0.0664185
49.8505 409.882 0.0484233 0 0.0484233
640.344 409.363 0.0560745 0 0.0560745
71.1261 411.255 0.0380494 0 0.0380494
362.246 411.259 0.0514717 0 0.0514717
77.0431 411.719 0.0544966 0 0.0544966
98.8784 411.814 0.0561697 0 0.0561697
396.053 411.958 0.0504103 0 0.0504103
442.039 412.33 0.0465305 0 0.0465305
108.606 412.894 0.0439948 0 0.0439948
357.5 414.267 0.0698128 0 0.0698128
429.969 412.518 0.0554531 0 0.0554531
42.3254 414.187 0.0572887 0 0.0572887
102.303 414.131 0.0504975 0 0.0504975
497.239 414.704 0.0825759 0 0.0825759
644.65 414.111 0.059388 0 0.059388
361.295 415.433 0.0649374 0 0.0649374
691.017 415.002 0.0538823 0 0.0538823
365.169 416.138 0.062074 0 0.062074
395.966 416.487 0.0545299 0 0.0545299
108.78 417.151 0.0660142 0 0.0660142
728.3 416.849 0.0535471 0 0.0535471
751.356 416.614 0.0563807 0 0.0563807
172.637 418.342 0.0376661 0 0.0376661
669.093 418.239 0.0487802 0 0.0487802
777.459 418.35 0.0690065 0 0.0690065
313.638 418.65 0.0553781 0 0.0553781
784.991 418.587 0.0531089 0 0.0531089
105.763 420.218 0.0655558 0 0.0655558
166.409 419.873 0.0410534 0 0.0410534
322.437 419.654 0.0440517 0 0.0440517
327.581 419.946 0.0632124 0 0.0632124
332.093 419.915 0.0581662 0 0.0581662
360.772 419.906 0.0532189 0 0.0532189
159.189 422.11 0.067477 0 0.067477
443.579 421.698 0.0534221 0 0.0534221
326.734 423.424 0.0566123 0 0.0566123
487.858 422.936 0.0408038 0 0.0408038
24.1312 423.49 0.0631888 0 0.0631888
71.4649 425.677 0.0413565 0 0.0413565
473.114 425.847 0.0430122 0 0.0430122
382.573 426.79 0.0674208 0 0.0674208
670.363 428.592 0.0544177 0 0.0544177
500.815 430.8 0.0609208 0 0.0609208
388.546 432.481 0.0391788 0 0.0391788
366.873 434.274 0.0492307 0 0.0492307
483.535 434.078 0.0385496 0 0.0385496
637.134 434.33 0.0429809 0 0.0429809
466.319 435.211 0.0454582 0 0.0454582
137.157 436.364 0.0480568 0 0.0480568
389.902 436.747 0.0468573 0 0.0468573
127.076 437.705 0.0530587 0 0.0530587
140.215 438.127 0.0572627 0 0.0572627
186.643 439.223 0.0415427 0 0.0415427
202.466 438.615 0.0550303 0 0.0550303
263.995 439.037 0.0488701 0 0.0488701
271.121 438.958 0.0542305 0 0.0542305
361.599 438.804 0.0378421 0 0.0378421
468.44 438.575 0.0500277 0 0.0500277
289.015 440.287 0.0345621 0 0.0345621
358.821 441.266 0.0502853 0 0.0502853
675.154 441.017 0.0539321 0 0.0539321
199.049 441.463 0.0565194 0 0.0565194
218.447 441.789 0.0610636 0 0.0610636
667.869 442.445 0.0475675 0 0.0475675
218.414 445.585 0.0590088 0 0.0590088
344.605 444.973 0.0579806 0 0.0579806
641.759 444.653 0.0548733 0 0.0548733
674.948 445.458 0.0558325 0 0.0558325
678.605 445.46 0.0631395 0 0.0631395
780.758 445.452 0.0653748 0 0.0653748
204.085 445.898 0.0544453 0 0.0544453
310.939 446.309 0.0512094 0 0.0512094
358.542 446.968 0.0460412 0 0.0460412
397.183 446.124 0.0604385 0 0.0604385
124.438 447.359 0.0573408 0 0.0573408
224.563 446.689 0.0545869 0 0.0545869
253.071 446.583 0.0548324 0 0.0548324
634.262 446.867 0.0487475 0 0.0487475
175.735 447.841 0.0797016 0 0.0797016
354.723 447.866 0.0469644 0 0.0469644
751.133 447.992 0.0385192 0 0.0385192
86.3368 448.437 0.0483505 0 0.0483505
171.233 449.399 0.0387475 0 0.0387475
259.45 450.044 0.040347 0 0.040347
458.148 450.483 0.0440678 0 0.0440678
675.236 450.11 0.049272 0 0.049272
679.486 449.706 0.0543854 0 0.0543854
224.413 450.619 0.0481683 0 0.0481683
546.222 451.399 0.05711 0 0.05711
202.27 452.977 0.0432351 0 0.0432351
344.849 452.816 0.0588262 0 0.0588262
355.235 452.774 0.0620924 0 0.0620924
358.958 452.823 0.0598425 0 0.0598425
187.034 453.551 0.0492184 0 0.0492184
245.873 453.926 0.0440472 0 0.0440472
251.949 453.824 0.0444517 0 0.0444517
609.408 455.172 0.0448573 0 0.0448573
214.778 455.936 0.0486152 0 0.0486152
218.972 455.926 0.0452001 0 0.0452001
223.173 456.209 0.0474782 0 0.0474782
775.753 455.539 0.0504077 0 0.0504077
779.722 455.883 0.0536905 0 0.0536905
248.99 456.969 0.0469232 0 0.0469232
359.437 457.032 0.0605257 0 0.0605257
315.472 457.628 0.0554303 0 0.0554303
355.663 457.449 0.062199 0 0.062199
540.562 457.759 0.0557 0 0.0557
143.61 458.999 0.0413861 0 0.0413861
680.956 459.191 0.05874 0 0.05874
515.332 460.52 0.0515688 0 0.0515688
635.13 460.063 0.0532614 0 0.0532614
642.423 459.785 0.0638864 0 0.0638864
645.632 459.38 0.0385974 0 0.0385974
498.003 461.366 0.0560781 0 0.0560781
510.706 462.03 0.0409149 0 0.0409149
613.871 463.414 0.0609515 0 0.0609515
486.912 464.462 0.054369 0 0.054369
544.207 463.646 0.0418597 0 0.0418597
622.982 464.314 0.0411179 0 0.0411179
629.512 463.414 0.0678328 0 0.0678328
643.169 463.689 0.0441184 0 0.0441184
496.705 465.153 0.0684062 0 0.0684062
824.095 464.715 0.0374135 0 0.0374135
500.751 466.212 0.0546113 0 0.0546113
512.217 465.859 0.0440903 0 0.0440903
505.056 466.795 0.0578026 0 0.0578026
597.049 467.094 0.0360644 0 0.0360644
646.376 466.866 0.0494612 0 0.0494612
315.068 468.994 0.0491589 0 0.0491589
113.725 470.161 0.0465907 0 0.0465907
275.821 469.873 0.0465033 0 0.0465033
305.799 470.321 0.045597 0 0.045597
617.695 469.763 0.0592405 0 0.0592405
424.813 470.648 0.0494174 0 0.0494174
590.302 471.403 0.0515461 0 0.0515461
205.786 472.152 0.0592269 0 0.0592269
248.718 471.997 0.0560079 0 0.0560079
281.288 471.854 0.0523748 0 0.0523748
427.537 471.588 0.0388325 0 0.0388325
644.814 471.703 0.0480962 0 0.0480962
649.638 471.756 0.0544973 0 0.0544973
202.092 472.927 0.0418452 0 0.0418452
634.773 473.377 0.0477122 0 0.0477122
245.572 474.183 0.0411495 0 0.0411495
359.243 474.204 0.0366674 0 0.0366674
424.761 474.04 0.0510894 0 0.0510894
465.528 473.64 0.059286 0 0.059286
205.839 475.642 0.0444047 0 0.0444047
681.41 476.475 0.0448538 0 0.0448538
233.061 477.196 0.0548762 0 0.0548762
251.242 477.357 0.0463183 0 0.0463183
376.546 477.252 0.0594566 0 0.0594566
420.241 477.317 0.0465599 0 0.0465599
541.203 476.833 0.0653451 0 0.0653451
647.957 477.099 0.0465099 0 0.0465099
358.115 478.268 0.0533264 0 0.0533264
367.277 478.464 0.0571622 0 0.0571622
388.722 477.974 0.0638901 0 0.0638901
461.222 477.93 0.0633918 0 0.0633918
643.875 477.832 0.0578903 0 0.0578903
282.099 478.858 0.0624872 0 0.0624872
392.297 478.859 0.0588401 0 0.0588401
574.354 478.812 0.0363248 0 0.0363248
90.071 480.84 0.0556385 0 0.0556385
169.89 480.653 0.0757584 0 0.0757584
577.23 480.642 0.0626517 0 0.0626517
779.92 480.487 0.0366284 0 0.0366284
10.5843 482.102 0.0471883 0 0.0471883
135.951 482.152 0.0507738 0 0.0507738
241.026 481.496 0.0507943 0 0.0507943
681.72 481.694 0.041353 0 0.041353
166.013 483.333 0.0496238 0 0.0496238
194.033 483.323 0.055275 0 0.055275
365.321 483.712 0.0379019 0 0.0379019
523.983 482.522 0.0670481 0 0.0670481
139.346 483.497 0.0533026 0 0.0533026
392.014 484.024 0.0526291 0 0.0526291
428.768 483.451 0.0544933 0 0.0544933
458.553 483.939 0.052515 0 0.052515
537.892 484.242 0.0416137 0 0.0416137
278.561 484.547 0.042123 0 0.042123
666.607 484.624 0.0631279 0 0.0631279
295.24 486.525 0.0568349 0 0.0568349
129.935 487.125 0.0642169 0 0.0642169
134.03 487.311 0.0590576 0 0.0590576
273.602 486.879 0.0417746 0 0.0417746
285.18 486.874 0.0458437 0 0.0458437
291.344 487.268 0.0573608 0 0.0573608
531.995 486.954 0.0507705 0 0.0507705
696.272 487.142 0.0500182 0 0.0500182
137.853 487.998 0.0528659 0 0.0528659
462.198 487.802 0.040338 0 0.040338
675.361 487.611 0.0460353 0 0.0460353
171.272 489.402 0.0412525 0 0.0412525
468.344 489.56 0.0640502 0 0.0640502
664.779 489.155 0.0449147 0 0.0449147
433.222 491.351 0.037748 0 0.037748
175.901 491.661 0.062028 0 0.062028
271.371 491.552 0.0405431 0 0.0405431
505.719 493.333 0.044635 0 0.044635
528.106 494.416 0.0467051 0 0.0467051
551.119 495.311 0.0571613 0 0.0571613
507.556 496.876 0.0481495 0 0.0481495
577.45 497.177 0.0576142 0 0.0576142
573.967 498.038 0.0466156 0 0.0466156
640.015 498.866 0.0468665 0 0.0468665
464.692 500.108 0.0370576 0 0.0370576
506.54 502.513 0.0553869 0 0.0553869
552.343 503.437 0.060747 0 0.060747
274.501 506.417 0.0469098 0 0.0469098
278.316 505.905 0.0653924 0 0.0653924
466.749 505.471 0.0376962 0 0.0376962
450.794 507.444 0.0433467 0 0.0433467
510.864 506.9 0.0469969 0 0.0469969
516.195 507.163 0.0457235 0 0.0457235
555.791 506.986 0.0543739 0 0.0543739
574.075 506.807 0.0464141 0 0.0464141
631.408 506.731 0.0530143 0 0.0530143
305.216 508.114 0.0636918 0 0.0636918
577.816 507.603 0.0505503 0 0.0505503
552.514 508.578 0.0660826 0 0.0660826
285.443 509.303 0.04636 0 0.04636
380.517 509.678 0.0694003 0 0.0694003
485.056 510.223 0.0435393 0 0.0435393
489.827 510.217 0.0419066 0 0.0419066
366.976 512.145 0.0405272 0 0.0405272
438.904 512.832 0.051916 0 0.051916
502.024 512.67 0.0606623 0 0.0606623
442.743 513.885 0.0454614 0 0.0454614
508.435 513.514 0.0598361 0 0.0598361
512.175 514.392 0.0485117 0 0.0485117
370.935 515.432 0.0634748 0 0.0634748
367.405 516.329 0.0833174 0 0.0833174
624.246 516.306 0.0378799 0 0.0378799
243.795 517.077 0.061154 0 0.061154
575.733 516.75 0.0331794 0 0.0331794
500.358 517.549 0.0522455 0 0.0522455
33.043 518.711 0.0501658 0 0.0501658
380.175 518.873 0.0616229 0 0.0616229
302.255 519.76 0.0369898 0 0.0369898
366.992 520.421 0.0411522 0 0.0411522
376.334 520.03 0.0442489 0 0.0442489
243.236 521.42 0.0465124 0 0.0465124
361.811 520.69 0.0611689 0 0.0611689
209.243 521.725 0.0341986 0 0.0341986
41.6442 523.048 0.0388224 0 0.0388224
385.944 523.568 0.0419789 0 0.0419789
255.205 525.039 0.061147 0 0.061147
377.591 524.893 0.0730965 0 0.0730965
349.953 526.111 0.0504008 0 0.0504008
183.838 529.381 0.0583737 0 0.0583737
366.332 530.19 0.06116 0 0.06116
436.424 530.044 0.0424249 0 0.0424249
260.883 530.785 0.0366779 0 0.0366779
488.897 530.695 0.0462604 0 0.0462604
9.0738 532.29 0.0496252 0 0.0496252
449.922 531.705 0.0449253 0 0.0449253
34.7279 534.138 0.0418495 0 0.0418495
178.55 533.62 0.0549948 0 0.0549948
183.513 533.448 0.0518392 0 0.0518392
452.019 534.808 0.0484111 0 0.0484111
10.1235 536.663 0.064501 0 0.064501
449.105 537.787 0.0380928 0 0.0380928
176.549 539.483 0.0529607 0 0.0529607
520.23 542.014 0.0451395 0 0.0451395
531.029 543.469 0.0515082 0 0.0515082
45.0899 543.751 0.0490699 0 0.0490699
176.375 543.51 0.0637392 0 0.0637392
327.835 544.888 0.0416717 0 0.0416717
331.944 546.154 0.0642423 0 0.0642423
388.658 545.529 0.0372277 0 0.0372277
400.67 546.016 0.05394 0 0.05394
405.75 545.889 0.0484996 0 0.0484996
338.957 547.469 0.05892 0 0.05892
392.584 546.734 0.0632928 0 0.0632928
590.2 547.499 0.0537259 0 0.0537259
149.169 549.956 0.046926 0 0.046926
358.221 550.114 0.0589489 0 0.0589489
364.989 549.649 0.0441372 0 0.0441372
340.221 551.918 0.0559908 0 0.0559908
279.887 553.292 0.0458266 0 0.0458266
369.197 555.453 0.0523776 0 0.0523776
547.982 555.688 0.0473635 0 0.0473635
728.214 556.102 0.0458835 0 0.0458835
32.3863 557.595 0.0380901 0 0.0380901
288.798 556.874 0.0473618 0 0.0473618
178.961 558.308 0.0473405 0 0.0473405
281.206 558.017 0.0482848 0 0.0482848
463.092 558.824 0.0464159 0 0.0464159
357.129 559.806 0.0471671 0 0.0471671
397.669 560.37 0.0625567 0 0.0625567
418 559.64 0.0403322 0 0.0403322
423.869 559.858 0.0477527 0 0.0477527
526.885 559.714 0.049897 0 0.049897
373.969 560.981 0.0469861 0 0.0469861
386.499 561.668 0.0426104 0 0.0426104
392.37 561.426 0.0522133 0 0.0522133
81.0385 563.203 0.0620991 0 0.0620991
160.326 562.772 0.0729364 0 0.0729364
352.619 562.96 0.0489556 0 0.0489556
458.158 563.212 0.0484185 0 0.0484185
483.912 563.823 0.0653448 0 0.0653448
543.283 562.588 0.0418617 0 0.0418617
62.7776 564.276 0.0564885 0 0.0564885
368.256 563.807 0.0425215 0 0.0425215
554.027 563.984 0.052956 0 0.052956
392.929 566.764 0.0425386 0 0.0425386
824.927 567.456 0.051757 0 0.051757
86.955 568.726 0.0511927 0 0.0511927
386.535 569.577 0.0407713 0 0.0407713
539.377 569.319 0.0386099 0 0.0386099
353.078 569.591 0.050184 0 0.050184
574.253 570.314 0.0510755 0 0.0510755
395.997 571.118 0.0635767 0 0.0635767
412.347 571.622 0.0660802 0 0.0660802
472.101 571.181 0.0573141 0 0.0573141
389.912 571.609 0.0460716 0 0.0460716
496.371 571.708 0.0640298 0 0.0640298
823.1 571.828 0.0538803 0 0.0538803
526.639 572.944 0.0453769 0 0.0453769
542.335 572.629 0.0487361 0 0.0487361
393.762 575.061 0.0418481 0 0.0418481
455.764 574.791 0.0511674 0 0.0511674
462.995 575.161 0.0620706 0 0.0620706
477.675 574.555 0.0364209 0 0.0364209
387.34 576.174 0.0424605 0 0.0424605
467.675 576.155 0.0662424 0 0.0662424
496.365 575.648 0.0522119 0 0.0522119
436.499 577.978 0.0704796 0 0.0704796
458.167 581.171 0.0549552 0 0.0549552
463.644 582.222 0.0547582 0 0.0547582
443.717 586.027 0.0654862 0 0.0654862
468.448 586.538 0.0424894 0 0.0424894
496.895 586.708 0.0427268 0 0.0427268
488.473 588.649 0.06208 0 0.06208
827.497 589.993 0.0583015 0 0.0583015
507.38 590.702 0.0391611 0 0.0391611
637.125 665.179 0.048208 0 0.048208
638.565 668.976 0.0707013 0 0.0707013
327.597 112.737 0.0242482 0 0.0242482
811.198 124.779 0.0261492 0 0.0261492
495.415 127.42 0.0267938 0 0.0267938
605.573 128.594 0.0298137 0 0.0298137
354.64 145.926 0.0284683 0 0.0284683
484.833 150.751 0.0289866 0 0.0289866
492.417 153.219 0.0239772 0 0.0239772
486.004 156.398 0.0249786 0 0.0249786
493.315 161.094 0.0204303 0 0.0204303
487.496 162.518 0.0240772 0 0.0240772
523.155 169.539 0.0339754 0 0.0339754
323.047 171.448 0.0241993 0 0.0241993
633.079 186.985 0.0320063 0 0.0320063
551.438 197.158 0.0302897 0 0.0302897
619.988 197.56 0.0279943 0 0.0279943
610.269 203.213 0.0346231 0 0.0346231
483.931 206.24 0.0233842 0 0.0233842
373.341 207.624 0.0239623 0 0.0239623
618.738 210.653 0.0273735 0 0.0273735
485.102 213.064 0.0233533 0 0.0233533
668.957 217.155 0.0318639 0 0.0318639
368.458 224.376 0.02004 0 0.02004
374.038 223.697 0.0267454 0 0.0267454
494.739 230.159 0.0230705 0 0.0230705
501.216 230.598 0.024023 0 0.024023
797.704 229.856 0.0257917 0 0.0257917
470.766 231.376 0.0280362 0 0.0280362
476.486 231.721 0.0331136 0 0.0331136
509.523 231.264 0.0233299 0 0.0233299
832.088 231.506 0.0226589 0 0.0226589
388.149 231.863 0.0198533 0 0.0198533
483.843 231.889 0.0238235 0 0.0238235
649.684 231.781 0.0323565 0 0.0323565
494.672 235.396 0.0219798 0 0.0219798
488.111 236.572 0.0292395 0 0.0292395
500.971 236.155 0.0282724 0 0.0282724
485.164 236.796 0.0248112 0 0.0248112
564.853 237.211 0.0291084 0 0.0291084
556.213 238.045 0.0234237 0 0.0234237
740.465 239.308 0.0211716 0 0.0211716
770.265 238.521 0.0198636 0 0.0198636
820.854 238.845 0.0272443 0 0.0272443
650.634 240.195 0.0259102 0 0.0259102
798.598 239.771 0.0242606 0 0.0242606
805.843 239.68 0.0256641 0 0.0256641
653.999 241.938 0.0174748 0 0.0174748
576.242 242.573 0.0210089 0 0.0210089
839.605 243.492 0.0322089 0 0.0322089
554.969 244.284 0.0260557 0 0.0260557
583.649 243.985 0.0286351 0 0.0286351
561.573 245.545 0.0262021 0 0.0262021
805.524 246.154 0.0235097 0 0.0235097
478.074 248.635 0.0294786 0 0.0294786
577.962 251.389 0.0333583 0 0.0333583
484.058 251.642 0.021246 0 0.021246
805.113 251.873 0.0277625 0 0.0277625
679.395 253.832 0.0216166 0 0.0216166
319.593 257.059 0.0325852 0 0.0325852
805.322 258.432 0.0247497 0 0.0247497
356.464 258.736 0.0301871 0 0.0301871
662.998 259.65 0.026339 0 0.026339
677.479 259.451 0.0282497 0 0.0282497
569.949 261.978 0.0239561 0 0.0239561
577.799 261.701 0.020874 0 0.020874
330.883 263.523 0.0264129 0 0.0264129
378.223 264.819 0.0241594 0 0.0241594
384.674 264.521 0.0280267 0 0.0280267
419.453 269.399 0.0217638 0 0.0217638
385.355 270.007 0.0245838 0 0.0245838
431.241 270.522 0.0291639 0 0.0291639
797.467 270.093 0.0317901 0 0.0317901
439.235 270.859 0.0229241 0 0.0229241
575.852 271.512 0.0255259 0 0.0255259
24.7277 271.983 0.0265557 0 0.0265557
334.033 275.902 0.0198232 0 0.0198232
341.111 274.672 0.0208504 0 0.0208504
497.808 274.868 0.0209467 0 0.0209467
569.403 277.511 0.0240512 0 0.0240512
394.613 277.771 0.0214029 0 0.0214029
797.654 278.172 0.0197861 0 0.0197861
33.236 279.172 0.0253769 0 0.0253769
260.275 278.619 0.0351877 0 0.0351877
341.287 280.327 0.0266928 0 0.0266928
734.829 283.032 0.0274403 0 0.0274403
428.468 284.176 0.0285405 0 0.0285405
378.932 284.664 0.0231097 0 0.0231097
351.749 286.028 0.0249223 0 0.0249223
385.15 285.429 0.0332107 0 0.0332107
448.699 285.629 0.0269925 0 0.0269925
649.247 285.946 0.023135 0 0.023135
256.03 289.035 0.0235054 0 0.0235054
274.188 288.892 0.0251012 0 0.0251012
345.577 288.962 0.0257636 0 0.0257636
489.104 288.717 0.0240319 0 0.0240319
543.886 288.695 0.0254382 0 0.0254382
325.358 290.255 0.0268441 0 0.0268441
502.521 289.749 0.0240929 0 0.0240929
798.984 289.944 0.0268758 0 0.0268758
354.668 290.858 0.0330824 0 0.0330824
532.912 290.598 0.0266412 0 0.0266412
539.145 291.618 0.0249135 0 0.0249135
38.6694 296.107 0.0220877 0 0.0220877
53.044 295.644 0.0215621 0 0.0215621
148.596 296.246 0.0238052 0 0.0238052
325.694 296.033 0.0271429 0 0.0271429
410.925 295.634 0.0244969 0 0.0244969
305.808 299.022 0.0222333 0 0.0222333
155.973 303.744 0.0305702 0 0.0305702
135.848 308.505 0.030643 0 0.030643
442.038 310.067 0.021829 0 0.021829
692.622 310.598 0.0324145 0 0.0324145
700.474 310.971 0.0247999 0 0.0247999
820.589 311.889 0.0184495 0 0.0184495
376.172 314.265 0.021978 0 0.021978
45.6034 315.318 0.0227018 0 0.0227018
250.234 315.014 0.0315962 0 0.0315962
659.641 315.25 0.0259985 0 0.0259985
429.503 316.629 0.0230277 0 0.0230277
444.57 315.999 0.0291644 0 0.0291644
679.139 317.292 0.0271994 0 0.0271994
83.3939 318.163 0.0266366 0 0.0266366
233.593 318.385 0.0187101 0 0.0187101
429.633 317.964 0.019863 0 0.019863
798.556 318.429 0.0280504 0 0.0280504
28.7451 319.985 0.0267097 0 0.0267097
176.762 319.853 0.0216399 0 0.0216399
804.421 319.433 0.0253481 0 0.0253481
122.98 320.641 0.0270894 0 0.0270894
164.847 321.308 0.0217566 0 0.0217566
487.566 322.113 0.0224406 0 0.0224406
500.776 323.116 0.0222366 0 0.0222366
22.2727 324.785 0.0306756 0 0.0306756
198.689 324.967 0.0206373 0 0.0206373
424.463 324.692 0.0241994 0 0.0241994
428.915 324.998 0.0251834 0 0.0251834
205.8 325.442 0.0214984 0 0.0214984
369.584 326.707 0.0213754 0 0.0213754
334.475 326.16 0.0200493 0 0.0200493
38.1103 328.02 0.0302341 0 0.0302341
162.544 327.877 0.0188373 0 0.0188373
418.368 328.286 0.0263633 0 0.0263633
126.908 329.149 0.0336379 0 0.0336379
375.781 328.636 0.0215352 0 0.0215352
384.364 329.703 0.0297826 0 0.0297826
85.8239 329.347 0.019216 0 0.019216
370.138 330.1 0.0314725 0 0.0314725
653.691 330.758 0.0280056 0 0.0280056
108.847 331.723 0.0204061 0 0.0204061
215.797 331.829 0.0213455 0 0.0213455
644.999 332.024 0.022344 0 0.022344
776.597 331.471 0.0256832 0 0.0256832
333.965 332.707 0.026591 0 0.026591
632.056 332.808 0.0241496 0 0.0241496
678.891 332.977 0.0264117 0 0.0264117
658.637 335.696 0.0201681 0 0.0201681
789.674 336.741 0.0249998 0 0.0249998
223.878 338.11 0.01986 0 0.01986
335.377 337.609 0.024191 0 0.024191
486.436 337.836 0.0210426 0 0.0210426
650.398 338.407 0.0257785 0 0.0257785
777.054 338.364 0.0258578 0 0.0258578
783.434 337.525 0.0247273 0 0.0247273
109.617 338.764 0.0265197 0 0.0265197
499.955 338.88 0.0215711 0 0.0215711
812.822 338.717 0.0218999 0 0.0218999
45.2861 339.664 0.0242329 0 0.0242329
679.294 339.606 0.0266224 0 0.0266224
212.514 340.924 0.0205289 0 0.0205289
216.973 341.653 0.0309791 0 0.0309791
789.619 342.986 0.0232343 0 0.0232343
125.208 343.627 0.025239 0 0.025239
134.265 344.241 0.0214484 0 0.0214484
783.762 344.143 0.0209288 0 0.0209288
33.163 344.581 0.0232295 0 0.0232295
766.232 347.376 0.0280679 0 0.0280679
238.371 348.589 0.0353284 0 0.0353284
751.822 348.571 0.0237938 0 0.0237938
230.866 350.41 0.0214287 0 0.0214287
419.887 350.229 0.0174642 0 0.0174642
706.774 349.791 0.0237124 0 0.0237124
720.99 350.082 0.0245745 0 0.0245745
387.425 350.895 0.0233419 0 0.0233419
714.005 351.207 0.0203188 0 0.0203188
439.726 351.706 0.0211322 0 0.0211322
677.542 353.052 0.0214885 0 0.0214885
633.296 355.573 0.0301362 0 0.0301362
248.28 356.739 0.0186565 0 0.0186565
546.686 355.468 0.0247746 0 0.0247746
634.569 355.639 0.0245779 0 0.0245779
18.4721 356.658 0.0277152 0 0.0277152
241.198 356.875 0.028393 0 0.028393
388.637 357.091 0.0205782 0 0.0205782
190.177 358.228 0.0289757 0 0.0289757
197.505 361.584 0.0344319 0 0.0344319
234.432 361.365 0.0302351 0 0.0302351
242.529 362.243 0.0211918 0 0.0211918
634.188 361.84 0.0318943 0 0.0318943
234.662 362.491 0.0336378 0 0.0336378
65.6987 363.695 0.0235358 0 0.0235358
188.096 363.821 0.0194383 0 0.0194383
548.93 363.484 0.0303383 0 0.0303383
576.915 363.95 0.0261663 0 0.0261663
207.764 365.495 0.0228676 0 0.0228676
196.757 366.324 0.0270218 0 0.0270218
347.061 366.204 0.0259366 0 0.0259366
802.24 365.906 0.0243974 0 0.0243974
34.4244 368.027 0.0285302 0 0.0285302
789.244 367.174 0.0230839 0 0.0230839
371.517 368.448 0.02524 0 0.02524
390.054 369.195 0.0263154 0 0.0263154
237.003 370.081 0.0205252 0 0.0205252
411.677 370.011 0.0239185 0 0.0239185
258.017 370.828 0.0313011 0 0.0313011
365.352 370.561 0.0231285 0 0.0231285
396.777 370.751 0.0244988 0 0.0244988
418.453 370.728 0.0314527 0 0.0314527
671.204 370.752 0.0218155 0 0.0218155
750.309 372.307 0.0269664 0 0.0269664
757.835 371.866 0.0226423 0 0.0226423
807.401 372.038 0.0266264 0 0.0266264
801.78 373.112 0.02193 0 0.02193
640.596 373.963 0.0266993 0 0.0266993
262.308 375.905 0.0245151 0 0.0245151
327.813 376.217 0.0245107 0 0.0245107
412.551 376.248 0.0302915 0 0.0302915
366.54 376.503 0.0292357 0 0.0292357
623.227 376.484 0.0272938 0 0.0272938
265.641 381.257 0.0285293 0 0.0285293
71.1419 381.543 0.0228566 0 0.0228566
783.019 381.672 0.0252574 0 0.0252574
627.679 384.466 0.0279909 0 0.0279909
692.216 384.642 0.0248813 0 0.0248813
725.054 385.227 0.0253931 0 0.0253931
212.836 386.342 0.0198437 0 0.0198437
751.929 386.155 0.0239041 0 0.0239041
511.088 386.892 0.0253421 0 0.0253421
519.985 386.675 0.021251 0 0.021251
573.346 388.434 0.0225423 0 0.0225423
504.461 388.96 0.0241393 0 0.0241393
580.143 388.831 0.0246333 0 0.0246333
588.07 388.698 0.0216358 0 0.0216358
537.258 389.574 0.026438 0 0.026438
230.23 391 0.0231645 0 0.0231645
518.444 392.528 0.0171709 0 0.0171709
553.994 392.373 0.0289254 0 0.0289254
511.168 394.19 0.0238713 0 0.0238713
525.162 394.234 0.0288287 0 0.0288287
587.937 394.024 0.0329227 0 0.0329227
201.582 395.089 0.0228659 0 0.0228659
499.461 395.039 0.0287697 0 0.0287697
270.689 396.597 0.0277074 0 0.0277074
277.031 396.7 0.0241673 0 0.0241673
317.803 397.383 0.0258916 0 0.0258916
555.068 396.654 0.0272198 0 0.0272198
90.2653 400.25 0.0280559 0 0.0280559
203.203 400.261 0.0254829 0 0.0254829
204.764 400.062 0.0253322 0 0.0253322
326.195 400.218 0.0269747 0 0.0269747
553.569 399.734 0.0285872 0 0.0285872
590.974 400.21 0.0232658 0 0.0232658
177.236 401.679 0.0301606 0 0.0301606
437.286 402.237 0.0190903 0 0.0190903
550.018 402.325 0.0284104 0 0.0284104
319.915 402.833 0.0249407 0 0.0249407
466.244 402.82 0.0206433 0 0.0206433
526.746 403.043 0.0247394 0 0.0247394
182.239 405.459 0.0210503 0 0.0210503
429.989 406.296 0.0306866 0 0.0306866
460.24 406.051 0.0231116 0 0.0231116
57.3319 408.544 0.0273455 0 0.0273455
82.665 409.049 0.0215228 0 0.0215228
436.149 409.241 0.0247866 0 0.0247866
683.126 408.656 0.0187075 0 0.0187075
167.833 410.252 0.0216601 0 0.0216601
171.052 410.42 0.0254157 0 0.0254157
825.602 410.238 0.0251885 0 0.0251885
599.525 410.717 0.0203542 0 0.0203542
328.535 413.234 0.0301345 0 0.0301345
662.539 413.128 0.0239571 0 0.0239571
49.0555 414.35 0.0311889 0 0.0311889
56.3517 414.316 0.0250578 0 0.0250578
335.634 413.645 0.0271718 0 0.0271718
107.146 415.12 0.0197356 0 0.0197356
167.002 415.101 0.026465 0 0.026465
84.3611 416.137 0.0222446 0 0.0222446
599.163 417.493 0.0199174 0 0.0199174
689.339 417.431 0.0332773 0 0.0332773
162.301 418.552 0.033691 0 0.033691
334.797 419.232 0.023172 0 0.023172
353.803 419.008 0.0205575 0 0.0205575
389.231 420.035 0.0236116 0 0.0236116
647.275 419.775 0.021241 0 0.021241
658.317 419.899 0.0260027 0 0.0260027
664.782 420.199 0.0253019 0 0.0253019
670.082 420.141 0.0234466 0 0.0234466
9.00047 422.395 0.0279047 0 0.0279047
300.28 421.641 0.021773 0 0.021773
709.293 422.346 0.0243105 0 0.0243105
751.99 421.927 0.0259918 0 0.0259918
15.6284 422.942 0.0271305 0 0.0271305
260.796 423.322 0.02157 0 0.02157
758.641 423.115 0.0256923 0 0.0256923
774.998 423.365 0.0240272 0 0.0240272
781.516 423.473 0.0205822 0 0.0205822
817.677 423.374 0.0212621 0 0.0212621
397.184 424.089 0.0223666 0 0.0223666
482.115 423.536 0.0308849 0 0.0308849
787.988 423.533 0.0230065 0 0.0230065
412.15 425.301 0.0223571 0 0.0223571
428.25 425.877 0.0226835 0 0.0226835
360.668 427.466 0.0210428 0 0.0210428
374.96 427.197 0.0209813 0 0.0209813
434.34 427.358 0.0242793 0 0.0242793
367.001 427.572 0.0231475 0 0.0231475
392.713 428.873 0.0340136 0 0.0340136
108.569 430.385 0.0176217 0 0.0176217
151.544 430.474 0.0184367 0 0.0184367
479.876 429.634 0.0203462 0 0.0203462
60.8936 431.972 0.0240428 0 0.0240428
66.7598 432.984 0.0286058 0 0.0286058
125.419 432.768 0.0290539 0 0.0290539
127.403 432.501 0.0331943 0 0.0331943
376.048 433.389 0.0269637 0 0.0269637
397.141 433.155 0.0232119 0 0.0232119
468.931 432.789 0.0257279 0 0.0257279
485.029 433.024 0.0267719 0 0.0267719
72.6797 433.52 0.0261375 0 0.0261375
86.0076 436.309 0.0211317 0 0.0211317
497.739 436.042 0.0320124 0 0.0320124
166.265 438.228 0.0318092 0 0.0318092
455.344 437.691 0.0246058 0 0.0246058
134.456 439.074 0.0216564 0 0.0216564
174.975 438.637 0.0257782 0 0.0257782
191.626 439.211 0.0219673 0 0.0219673
238.656 440.882 0.0248282 0 0.0248282
283.012 440.966 0.0261204 0 0.0261204
310.668 442.237 0.0263022 0 0.0263022
352.696 442.109 0.021982 0 0.021982
132.732 442.453 0.0176377 0 0.0176377
599.771 442.717 0.0283284 0 0.0283284
172.477 444.257 0.0281677 0 0.0281677
85.9528 445.65 0.0237127 0 0.0237127
722.2 446.417 0.0283716 0 0.0283716
199.183 446.915 0.0272031 0 0.0272031
181.178 448.467 0.0292914 0 0.0292914
187.742 447.84 0.0205964 0 0.0205964
353.248 447.564 0.0274487 0 0.0274487
358.336 447.788 0.0370374 0 0.0370374
93.268 449.06 0.0202028 0 0.0202028
217.266 449.4 0.0235736 0 0.0235736
370.583 448.569 0.0271392 0 0.0271392
120.974 450.216 0.0338114 0 0.0338114
139.333 450.973 0.0217476 0 0.0217476
548.438 451.03 0.0221365 0 0.0221365
87.0057 452.188 0.0286876 0 0.0286876
605.809 452.015 0.0238891 0 0.0238891
34.5299 453.576 0.0268905 0 0.0268905
191.654 453.646 0.0228244 0 0.0228244
582.714 452.771 0.0291404 0 0.0291404
608.369 453.651 0.0319396 0 0.0319396
27.4706 454.34 0.027906 0 0.027906
126.243 453.56 0.0260726 0 0.0260726
267.708 454.174 0.024837 0 0.024837
682.428 454.22 0.0226343 0 0.0226343
505.884 455.433 0.0235745 0 0.0235745
530.344 455.421 0.0248459 0 0.0248459
237.143 455.931 0.0184776 0 0.0184776
498.558 455.753 0.0207722 0 0.0207722
595.635 457.446 0.0250847 0 0.0250847
602.427 457.908 0.0181004 0 0.0181004
137.963 457.528 0.019581 0 0.019581
171.746 459.06 0.0306356 0 0.0306356
582.883 459.155 0.0288342 0 0.0288342
271.003 460.409 0.0263686 0 0.0263686
400.696 461.27 0.0281468 0 0.0281468
682.8 460.72 0.021337 0 0.021337
202.271 461.77 0.0269711 0 0.0269711
240.404 462.199 0.0300043 0 0.0300043
163.205 462.438 0.0281439 0 0.0281439
823.424 463.312 0.0288049 0 0.0288049
608.128 463.869 0.0255668 0 0.0255668
590.948 465.506 0.025212 0 0.025212
125.207 465.935 0.0268392 0 0.0268392
265.522 465.519 0.0237672 0 0.0237672
639.545 465.456 0.0261766 0 0.0261766
613.621 466.762 0.0247772 0 0.0247772
633.113 466.684 0.0227135 0 0.0227135
309.779 468.084 0.0333229 0 0.0333229
343.147 468.805 0.0327719 0 0.0327719
492.718 468.429 0.0284646 0 0.0284646
825.362 470.479 0.0273949 0 0.0273949
202.075 471.659 0.026469 0 0.026469
640.562 471.44 0.0219473 0 0.0219473
679.357 471.7 0.0294677 0 0.0294677
388.275 472.992 0.0235292 0 0.0235292
497.556 473.781 0.021238 0 0.021238
504.432 473.852 0.0269845 0 0.0269845
510.422 473.801 0.0250994 0 0.0250994
582.415 474.951 0.0232318 0 0.0232318
242.998 476.047 0.026077 0 0.026077
351.745 475.723 0.0249632 0 0.0249632
373.575 476.184 0.0220701 0 0.0220701
379.451 476.8 0.0239702 0 0.0239702
819.216 477.628 0.023283 0 0.023283
42.8583 478.728 0.0261475 0 0.0261475
458.304 479.655 0.0241504 0 0.0241504
627.751 480.149 0.0271914 0 0.0271914
471.583 480.897 0.0282067 0 0.0282067
246.082 481.495 0.0219654 0 0.0219654
496.406 484.639 0.0221877 0 0.0221877
435.815 486.899 0.0220115 0 0.0220115
659.738 487.215 0.0242468 0 0.0242468
522.96 487.419 0.0277157 0 0.0277157
249.077 489.295 0.0278657 0 0.0278657
548.672 488.713 0.0270417 0 0.0270417
158.55 490.076 0.0268057 0 0.0268057
164.894 490.066 0.0253758 0 0.0253758
280.572 490.292 0.0285623 0 0.0285623
650.637 490.274 0.0236357 0 0.0236357
195.321 491.41 0.0341229 0 0.0341229
469.389 491.835 0.0244039 0 0.0244039
464.046 493.044 0.0314763 0 0.0314763
519.637 493.264 0.0244228 0 0.0244228
513.584 495.216 0.0325397 0 0.0325397
528.223 495.48 0.0274132 0 0.0274132
646.274 498.497 0.0282824 0 0.0282824
248.04 499.159 0.0283084 0 0.0283084
633.254 500.86 0.0236622 0 0.0236622
488.351 501.964 0.02234 0 0.02234
514.054 501.734 0.0268161 0 0.0268161
573.871 502.519 0.0363236 0 0.0363236
579.196 502.119 0.0226663 0 0.0226663
242.526 503.105 0.0221251 0 0.0221251
519.153 502.615 0.0196434 0 0.0196434
441.309 506.154 0.034946 0 0.034946
460.715 506.346 0.02892 0 0.02892
372.979 508.71 0.0234758 0 0.0234758
474.994 508.6 0.0237461 0 0.0237461
269.184 509.89 0.0266819 0 0.0266819
436.972 510.376 0.0224959 0 0.0224959
445.744 510.064 0.0259288 0 0.0259288
497.534 510.288 0.022769 0 0.022769
293.161 512.118 0.0239008 0 0.0239008
288.144 515.727 0.0203351 0 0.0203351
445.631 516.066 0.0278257 0 0.0278257
61.6935 517.279 0.0309714 0 0.0309714
306.737 516.337 0.0217114 0 0.0217114
35.741 518.958 0.0209958 0 0.0209958
187.432 519.416 0.0247228 0 0.0247228
360.553 518.635 0.0230013 0 0.0230013
268.358 522.472 0.0276233 0 0.0276233
249.217 523.205 0.0248943 0 0.0248943
290.137 522.662 0.0269573 0 0.0269573
261.673 523.603 0.0225529 0 0.0225529
310.812 523.923 0.0219959 0 0.0219959
313.587 524.62 0.0197165 0 0.0197165
328.791 525.688 0.0274204 0 0.0274204
374.362 526.25 0.0237473 0 0.0237473
247.732 528.615 0.0326505 0 0.0326505
455.337 529.148 0.026847 0 0.026847
462.279 529.117 0.0246606 0 0.0246606
482.415 528.621 0.0227203 0 0.0227203
488.861 529.441 0.0269508 0 0.0269508
254.777 529.811 0.0299418 0 0.0299418
326.461 530.455 0.0270896 0 0.0270896
496.503 529.277 0.0196796 0 0.0196796
383.682 530.911 0.025924 0 0.025924
504.807 530.704 0.0266267 0 0.0266267
511.378 530.832 0.0245943 0 0.0245943
266.266 532.024 0.0285007 0 0.0285007
117.265 533.202 0.0218863 0 0.0218863
330.599 533.83 0.0302095 0 0.0302095
445.246 534.136 0.0271102 0 0.0271102
43.6092 535.439 0.031152 0 0.031152
453.707 534.993 0.0238807 0 0.0238807
102.667 536.337 0.0256562 0 0.0256562
464.484 536.184 0.0215573 0 0.0215573
38.266 537.615 0.0252486 0 0.0252486
508.483 537.62 0.0247485 0 0.0247485
514.131 537.852 0.0259711 0 0.0259711
114.491 540.554 0.0281498 0 0.0281498
579.851 542.917 0.0259838 0 0.0259838
359.227 544.497 0.0239142 0 0.0239142
169.582 544.523 0.0289817 0 0.0289817
162.738 547.481 0.028174 0 0.028174
411.106 547.446 0.0253808 0 0.0253808
522.999 547.712 0.0185374 0 0.0185374
155.121 550.173 0.0256321 0 0.0256321
224.058 550.288 0.0210064 0 0.0210064
353.052 549.913 0.0318125 0 0.0318125
385.333 552.494 0.0185308 0 0.0185308
36.7576 552.513 0.0204695 0 0.0204695
71.355 554.447 0.021211 0 0.021211
78.1996 553.837 0.0242163 0 0.0242163
154.414 555.433 0.0296658 0 0.0296658
132.845 556.234 0.0278426 0 0.0278426
552.282 556.714 0.0235697 0 0.0235697
39.7287 558.661 0.0214137 0 0.0214137
69.381 563.168 0.0246631 0 0.0246631
420.608 563.018 0.0339281 0 0.0339281
547.145 564.887 0.0237733 0 0.0237733
531.637 568.719 0.0250078 0 0.0250078
521.297 569.878 0.0210709 0 0.0210709
417.738 571.748 0.0250963 0 0.0250963
36.7447 578.099 0.02193 0 0.02193
471.161 581.308 0.022961 0 0.022961
502.152 580.435 0.0257573 0 0.0257573
501.027 590.401 0.0220846 0 0.0220846
333.182 101.464 0.0132086 0 0.0132086
333.281 111.39 0.0150152 0 0.0150152
243.513 113.846 0.0124294 0 0.0124294
263.81 114.846 0.0114974 0 0.0114974
492.71 114.782 0.0129455 0 0.0129455
209.338 119.737 0.01048 0 0.01048
332.108 122.306 0.0124863 0 0.0124863
471.269 134.1 0.0140084 0 0.0140084
527.632 152.12 0.0110944 0 0.0110944
517.622 162.788 0.00891333 0 0.00891333
528.412 162.743 0.0100083 0 0.0100083
674.427 178.399 0.0105096 0 0.0105096
367.222 185.124 0.0112999 0 0.0112999
549.508 188.266 0.0150355 0 0.0150355
582.363 189.704 0.0104096 0 0.0104096
592.314 190.188 0.0106248 0 0.0106248
494.089 190.926 0.0144179 0 0.0144179
619.429 192.502 0.0143899 0 0.0143899
628.395 192.725 0.013011 0 0.013011
367.999 194.287 0.014945 0 0.014945
610.189 193.184 0.012507 0 0.012507
584.442 201.432 0.0127967 0 0.0127967
592.795 201.026 0.0159983 0 0.0159983
492.618 203.258 0.00866964 0 0.00866964
618.715 204.316 0.0111042 0 0.0111042
627.799 203.786 0.0151504 0 0.0151504
364.678 204.973 0.0132949 0 0.0132949
366.95 214.216 0.0146088 0 0.0146088
578.764 213.622 0.011213 0 0.011213
589.08 213.821 0.0106107 0 0.0106107
608.973 214.172 0.0122591 0 0.0122591
618.101 215.63 0.0156973 0 0.0156973
626.664 215.771 0.0131148 0 0.0131148
556.354 220.828 0.0106282 0 0.0106282
359.653 224.275 0.0137978 0 0.0137978
589.43 224.125 0.0104091 0 0.0104091
495.043 226.466 0.0100516 0 0.0100516
547.173 234.058 0.0126814 0 0.0126814
358.558 234.982 0.0116254 0 0.0116254
822.215 235.54 0.0104689 0 0.0104689
576.772 240.492 0.0188046 0 0.0188046
660.17 241.496 0.0114655 0 0.0114655
669.659 241.824 0.0123288 0 0.0123288
648.946 243.279 0.00959539 0 0.00959539
731.252 250.487 0.0129114 0 0.0129114
740.397 249.711 0.0118617 0 0.0118617
789.34 249.642 0.0113153 0 0.0113153
799.259 249.48 0.00942647 0 0.00942647
808.181 249.431 0.0109506 0 0.0109506
341.089 251.756 0.0107254 0 0.0107254
649.571 252.282 0.0125751 0 0.0125751
670.095 252.041 0.0101973 0 0.0101973
681.871 252.477 0.0117725 0 0.0117725
722.465 251.306 0.011202 0 0.011202
788.291 260.652 0.011666 0 0.011666
798.275 260.635 0.0116067 0 0.0116067
807.822 260.111 0.0123565 0 0.0123565
351.146 262.68 0.0145168 0 0.0145168
342.014 265.713 0.0142307 0 0.0142307
496.073 270.183 0.0108501 0 0.0108501
569.126 270.108 0.0158506 0 0.0158506
379.599 275.299 0.0112604 0 0.0112604
387.268 275.199 0.0115619 0 0.0115619
392.629 276.656 0.0127076 0 0.0127076
265.172 284.334 0.0135766 0 0.0135766
400.35 287.174 0.0132129 0 0.0132129
307.075 291.91 0.012935 0 0.012935
315.939 291.96 0.0126165 0 0.0126165
56.1997 294.482 0.0129231 0 0.0129231
66.4664 293.753 0.0146049 0 0.0146049
336.333 295.154 0.0119223 0 0.0119223
348.681 295.901 0.0138683 0 0.0138683
409.55 297.348 0.013381 0 0.013381
799.072 297.563 0.0116853 0 0.0116853
307.143 300.436 0.0143522 0 0.0143522
189.583 302.741 0.0126258 0 0.0126258
337.226 304.364 0.0107811 0 0.0107811
378.163 310.854 0.0114978 0 0.0114978
725.568 309.942 0.0117277 0 0.0117277
738.384 309.378 0.0105784 0 0.0105784
810.088 311.601 0.0108147 0 0.0108147
625.982 314.063 0.0142616 0 0.0142616
129.897 315.302 0.0108332 0 0.0108332
420.99 316.818 0.0109683 0 0.0109683
83.531 322.789 0.00976631 0 0.00976631
296.944 324.617 0.0131127 0 0.0131127
309.823 323.255 0.0104251 0 0.0104251
661.536 324.813 0.0137324 0 0.0137324
197.293 325.987 0.0154717 0 0.0154717
420.089 327.431 0.0133831 0 0.0133831
429.619 327.803 0.0122848 0 0.0122848
106.525 330.432 0.0120777 0 0.0120777
253.444 329.586 0.0122364 0 0.0122364
793.66 334.788 0.0109623 0 0.0109623
128.24 335.971 0.0155935 0 0.0155935
375.859 336.866 0.0129387 0 0.0129387
412.382 338.15 0.0154357 0 0.0154357
420.499 338.008 0.0123166 0 0.0123166
634.143 337.686 0.010301 0 0.010301
813.217 340.117 0.0138845 0 0.0138845
823.12 339.199 0.0110539 0 0.0110539
793.212 344.242 0.010619 0 0.010619
543.937 345.912 0.0123162 0 0.0123162
373.616 349.721 0.0116785 0 0.0116785
758.737 350.393 0.0171663 0 0.0171663
238.88 351.348 0.0122576 0 0.0122576
476.433 353.623 0.0132072 0 0.0132072
507.882 355.794 0.0126552 0 0.0126552
310.506 357.704 0.0128755 0 0.0128755
26.6157 362.362 0.0112859 0 0.0112859
251.961 365.161 0.0149716 0 0.0149716
42.5213 370.166 0.0103372 0 0.0103372
354.049 370.599 0.0145731 0 0.0145731
163.333 371.42 0.0126267 0 0.0126267
231.27 372.786 0.0108969 0 0.0108969
645.09 374.897 0.0097918 0 0.0097918
252.022 375.798 0.012893 0 0.012893
547.542 376.016 0.0134465 0 0.0134465
793.24 376.001 0.0100967 0 0.0100967
579.499 377.562 0.00953972 0 0.00953972
673.317 377.885 0.0105728 0 0.0105728
682.946 379.055 0.00995783 0 0.00995783
262.402 381.204 0.0114993 0 0.0114993
547.487 386.431 0.0122592 0 0.0122592
622.472 386.159 0.0102692 0 0.0102692
600.761 387.336 0.0140309 0 0.0140309
673.434 387.777 0.0110172 0 0.0110172
683.177 388.249 0.0113782 0 0.0113782
327.263 390.242 0.00938971 0 0.00938971
732.581 389.217 0.0119698 0 0.0119698
547.804 395.459 0.015095 0 0.015095
599.805 396.142 0.0121046 0 0.0121046
215.07 398.377 0.00893496 0 0.00893496
141.803 403.147 0.0108432 0 0.0108432
144.179 404.244 0.0106597 0 0.0106597
517.59 404.481 0.012305 0 0.012305
101.657 405.334 0.0128115 0 0.0128115
330.173 406.618 0.0137375 0 0.0137375
69.1001 408.29 0.0113388 0 0.0113388
319.528 407.104 0.012537 0 0.012537
518.039 407.338 0.0109646 0 0.0109646
527.12 406.956 0.0128138 0 0.0128138
534.877 408.006 0.0133845 0 0.0133845
590.142 408.812 0.0143164 0 0.0143164
155.35 410.202 0.0111562 0 0.0111562
599.758 409.271 0.0146698 0 0.0146698
694.298 412.276 0.012831 0 0.012831
92.3795 413.569 0.0115333 0 0.0115333
815.188 414.986 0.0123864 0 0.0123864
146.678 418.924 0.0122808 0 0.0122808
589.612 418.002 0.0117141 0 0.0117141
599.529 418.195 0.0164421 0 0.0164421
155.821 419.155 0.0125068 0 0.0125068
791.374 424.503 0.0120545 0 0.0120545
817.259 424.149 0.0160732 0 0.0160732
88.9495 427.219 0.0128651 0 0.0128651
98.9466 428.097 0.01294 0 0.01294
143.076 430.894 0.0114 0 0.0114
515.738 429.114 0.0119467 0 0.0119467
133.578 431.945 0.0117833 0 0.0117833
356.835 431.01 0.0109641 0 0.0109641
257.486 433.073 0.0116203 0 0.0116203
663.787 433.913 0.0128049 0 0.0128049
142.691 440.453 0.0147827 0 0.0147827
152.268 440.494 0.0138774 0 0.0138774
170.95 439.841 0.012374 0 0.012374
181.049 440.538 0.0167819 0 0.0167819
189.937 439.87 0.0148723 0 0.0148723
111.852 443.173 0.0103088 0 0.0103088
218.762 441.063 0.0111043 0 0.0111043
247.804 442.641 0.0111725 0 0.0111725
257.696 442.038 0.0142044 0 0.0142044
267.782 442.266 0.0111276 0 0.0111276
278.403 442.544 0.0117892 0 0.0117892
813.807 443.678 0.0120613 0 0.0120613
278.301 445.014 0.0114115 0 0.0114115
140.356 450.378 0.0160494 0 0.0160494
602.09 450.874 0.0150404 0 0.0150404
177.761 452.884 0.0138653 0 0.0138653
458.268 452.761 0.0124193 0 0.0124193
593.24 451.784 0.0129058 0 0.0129058
691.573 452.064 0.0129618 0 0.0129618
148.399 453.245 0.0127535 0 0.0127535
189.923 455.883 0.0121607 0 0.0121607
200.975 456.362 0.0129306 0 0.0129306
613.912 456.018 0.0133454 0 0.0133454
121.105 459.978 0.0119519 0 0.0119519
210.482 466.593 0.0111382 0 0.0111382
660.871 466.084 0.015792 0 0.015792
233.926 468.537 0.00978293 0 0.00978293
816.963 467.965 0.00993267 0 0.00993267
40.9119 472.693 0.0125684 0 0.0125684
363.799 471.457 0.0119379 0 0.0119379
487.859 472.698 0.0106582 0 0.0106582
606.177 471.805 0.014965 0 0.014965
51.885 474.357 0.0114537 0 0.0114537
96.9712 474.939 0.0118644 0 0.0118644
583.497 473.599 0.0127955 0 0.0127955
674.164 478.226 0.0135146 0 0.0135146
411.316 481.866 0.0106361 0 0.0106361
466.16 481.405 0.0128311 0 0.0128311
543.332 481.226 0.0161856 0 0.0161856
515.706 483.442 0.0129971 0 0.0129971
650.282 484.229 0.0125675 0 0.0125675
374.374 485.935 0.0134388 0 0.0134388
455.25 486.062 0.0165899 0 0.0165899
255.665 487.993 0.0103839 0 0.0103839
477.028 500.222 0.0111927 0 0.0111927
499.305 501.008 0.0160682 0 0.0160682
629.771 500.98 0.0157806 0 0.0157806
506.278 511.833 0.0136314 0 0.0136314
517.102 511.994 0.00901809 0 0.00901809
580.749 511.34 0.0129083 0 0.0129083
620.018 510.96 0.0103669 0 0.0103669
296.651 514.37 0.0111753 0 0.0111753
273.461 515.5 0.0167666 0 0.0167666
299.526 523.251 0.0129055 0 0.0129055
510.041 526.468 0.0113947 0 0.0113947
340.056 528.119 0.0103541 0 0.0103541
300.561 530.954 0.0128438 0 0.0128438
114.102 534.039 0.0132535 0 0.0132535
504.208 538.084 0.0122969 0 0.0122969
182.412 547.766 0.0120014 0 0.0120014
523.158 548.752 0.0172453 0 0.0172453
341.39 549.411 0.00990028 0 0.00990028
165.75 554.184 0.0168575 0 0.0168575
327.769 554.35 0.0115142 0 0.0115142
452.604 567.927 0.0129338 0 0.0129338
485.725 577.545 0.0111917 0 0.0111917
38.1354 581.413 0.010657 0 0.010657
481.911 583.373 0.0119612 0 0.0119612
350.423 142.013 0.00509632 0 0.00509632
510.894 147.567 0.00634984 0 0.00634984
506.041 161.881 0.0078851 0 0.0078851
508.103 175.966 0.00636176 0 0.00636176
675.168 195.528 0.00562163 0 0.00562163
492.793 220.095 0.00547534 0 0.00547534
637.605 227.123 0.00608611 0 0.00608611
575.796 231.71 0.0057737 0 0.0057737
814.33 234.62 0.00612759 0 0.00612759
652.95 240.486 0.00503677 0 0.00503677
309.088 248.758 0.00630005 0 0.00630005
324.144 248.487 0.00542779 0 0.00542779
634.177 247.744 0.00574761 0 0.00574761
768.546 248.772 0.00644819 0 0.00644819
771.863 249.124 0.00789561 0 0.00789561
813.665 248.303 0.00554655 0 0.00554655
830.539 247.422 0.00670363 0 0.00670363
753.695 249.53 0.00692527 0 0.00692527
655.542 251.808 0.00636291 0 0.00636291
570.336 253.443 0.00870355 0 0.00870355
783.084 263.001 0.00588614 0 0.00588614
813.163 262.64 0.00570794 0 0.00570794
652.929 264.115 0.00532739 0 0.00532739
410.704 266.273 0.00514565 0 0.00514565
423.567 265.888 0.00620823 0 0.00620823
495.071 266.445 0.00649527 0 0.00649527
496.523 280.169 0.00701383 0 0.00701383
20.0129 282.858 0.00634249 0 0.00634249
402.175 283.125 0.00642401 0 0.00642401
492.946 285.02 0.00517848 0 0.00517848
725.597 286.735 0.00697068 0 0.00697068
382.285 290.558 0.00607584 0 0.00607584
497.574 292.863 0.00644852 0 0.00644852
438.254 294.87 0.00469424 0 0.00469424
97.4777 299.697 0.00545341 0 0.00545341
251.454 300.463 0.00724855 0 0.00724855
54.8832 303.74 0.00847347 0 0.00847347
437.876 305.772 0.00554925 0 0.00554925
709.923 307.245 0.00678752 0 0.00678752
781.091 309.289 0.00586557 0 0.00586557
785.499 309.972 0.00607259 0 0.00607259
799.194 309.941 0.00838336 0 0.00838336
434.72 317.855 0.00566385 0 0.00566385
309.946 320.545 0.0058065 0 0.0058065
73.046 321.728 0.00552654 0 0.00552654
652.896 322.902 0.00514648 0 0.00514648
495.008 326.266 0.00597733 0 0.00597733
649.444 324.706 0.00414743 0 0.00414743
363.54 335.892 0.00667816 0 0.00667816
385.899 340.116 0.00667271 0 0.00667271
495.08 339.212 0.00676386 0 0.00676386
474.595 349.501 0.00632261 0 0.00632261
495.414 352.091 0.00702622 0 0.00702622
510.355 351.565 0.00563017 0 0.00563017
682.548 352.703 0.00612172 0 0.00612172
385.376 353.676 0.00604149 0 0.00604149
686.597 353.042 0.00517019 0 0.00517019
107.299 358.572 0.00653584 0 0.00653584
623.936 358.234 0.00760312 0 0.00760312
248.941 363.703 0.00825707 0 0.00825707
674.19 364.843 0.00653234 0 0.00653234
686.13 364.961 0.00642614 0 0.00642614
298.878 365.185 0.00581215 0 0.00581215
407.09 365.909 0.00566504 0 0.00566504
203.21 367.846 0.0051877 0 0.0051877
263.08 368.275 0.00679033 0 0.00679033
763.229 367.127 0.00520915 0 0.00520915
218.718 370.781 0.00640568 0 0.00640568
422.752 370.704 0.00626239 0 0.00626239
299.151 371.244 0.00706687 0 0.00706687
318.055 372.188 0.00485635 0 0.00485635
545.283 372.816 0.00669152 0 0.00669152
247.419 376.618 0.00637861 0 0.00637861
651.136 376.81 0.00528425 0 0.00528425
217.124 387.086 0.00500388 0 0.00500388
483.71 388.669 0.00731678 0 0.00731678
242.993 389.451 0.00724417 0 0.00724417
600.628 391.752 0.00578753 0 0.00578753
616.31 392.056 0.00489575 0 0.00489575
79.7481 395.182 0.00724716 0 0.00724716
740.935 393.43 0.00502606 0 0.00502606
477.456 402.262 0.00490349 0 0.00490349
485.788 401.439 0.00602185 0 0.00602185
828.239 402.424 0.00843403 0 0.00843403
170.841 406.571 0.00567549 0 0.00567549
184.515 409.041 0.00702994 0 0.00702994
668.823 409.113 0.00640476 0 0.00640476
697.812 409.873 0.0063876 0 0.0063876
43.5302 414.676 0.00607287 0 0.00607287
141.19 416.801 0.00678447 0 0.00678447
437.411 417.228 0.00566712 0 0.00566712
688.044 423.583 0.00654983 0 0.00654983
719.372 424.381 0.00681835 0 0.00681835
797.676 426.136 0.00614851 0 0.00614851
351.066 431.729 0.0056815 0 0.0056815
674.269 435.073 0.00823222 0 0.00823222
82.6649 438.057 0.0061888 0 0.0061888
718.422 437.864 0.00573684 0 0.00573684
812.016 439.782 0.00657326 0 0.00657326
165.871 441.46 0.0062014 0 0.0062014
96.8517 444.273 0.00522361 0 0.00522361
286.141 445.052 0.00539472 0 0.00539472
235.092 447.1 0.00521591 0 0.00521591
301.272 445.808 0.00663656 0 0.00663656
314.883 446.341 0.0047883 0 0.0047883
335.677 446.112 0.0059013 0 0.0059013
349.719 446.172 0.00523644 0 0.00523644
362.972 445.942 0.00646965 0 0.00646965
247.636 445.587 0.00848008 0 0.00848008
202.298 450.593 0.0063244 0 0.0063244
676.807 449.968 0.00513526 0 0.00513526
164.083 452.072 0.00683626 0 0.00683626
811.349 453.652 0.00535468 0 0.00535468
520.055 458.219 0.00766645 0 0.00766645
338.878 460.859 0.00721109 0 0.00721109
351.472 463.705 0.00669664 0 0.00669664
683.489 463.73 0.00870482 0 0.00870482
135.823 465.782 0.0052885 0 0.0052885
779.499 468.365 0.00629624 0 0.00629624
814.323 467.863 0.00645298 0 0.00645298
411.755 469.302 0.00635195 0 0.00635195
462.215 469.185 0.00564976 0 0.00564976
475.516 469.426 0.00613915 0 0.00613915
518.804 470.352 0.00786867 0 0.00786867
423.828 470.901 0.00802554 0 0.00802554
41.1073 475.065 0.00776464 0 0.00776464
85.7649 476.818 0.00588882 0 0.00588882
530.25 474.838 0.00450655 0 0.00450655
27.7369 477.672 0.00684246 0 0.00684246
72.4628 477.961 0.00650966 0 0.00650966
85.723 479.559 0.00526067 0 0.00526067
117.942 481.16 0.00610906 0 0.00610906
227.438 482.013 0.00625743 0 0.00625743
422.673 483.667 0.00656267 0 0.00656267
442.546 485.592 0.00657544 0 0.00657544
570.136 485.728 0.00530568 0 0.00530568
582.629 485.826 0.00568281 0 0.00568281
524.724 489.017 0.00606475 0 0.00606475
640.098 488.148 0.00562215 0 0.00562215
536.483 492.83 0.00684915 0 0.00684915
295.213 503.211 0.00612046 0 0.00612046
311.538 510.608 0.00550139 0 0.00550139
379.48 510.571 0.00634645 0 0.00634645
490.207 512.51 0.0057777 0 0.0057777
280.779 515.215 0.00555499 0 0.00555499
258.039 519.353 0.00605901 0 0.00605901
464.058 520.495 0.00494004 0 0.00494004
504.443 524.981 0.00574471 0 0.00574471
517.583 524.947 0.00616853 0 0.00616853
110.591 534.35 0.00767136 0 0.00767136
180.446 540.63 0.00597113 0 0.00597113
37.0136 543.784 0.00633891 0 0.00633891
183.19 544.863 0.00726471 0 0.00726471
812.062 545.227 0.00726786 0 0.00726786
581.667 555.841 0.00686228 0 0.00686228
184.383 558.878 0.00501474 0 0.00501474
563.565 562.394 0.00543019 0 0.00543019
562.878 564.904 0.00515225 0 0.00515225
585.98 183.672 0.0023638 0 0.0023638
643.317 225.11 0.00313757 0 0.00313757
591.983 227.779 0.00342501 0 0.00342501
553.521 231.814 0.00327458 0 0.00327458
459.449 263.845 0.00321148 0 0.00321148
477.903 269.754 0.00264326 0 0.00264326
795.266 270.517 0.00292414 0 0.00292414
274.159 278.187 0.00264874 0 0.00264874
725.555 273.979 0.00316174 0 0.00316174
419.806 284.239 0.00334608 0 0.00334608
440.367 283.349 0.00352803 0 0.00352803
710.957 286.112 0.00380153 0 0.00380153
740.654 286.431 0.00366829 0 0.00366829
420.328 300.986 0.0029255 0 0.0029255
437.622 301.142 0.00391932 0 0.00391932
633.52 306.369 0.00340256 0 0.00340256
776.66 307.181 0.00306773 0 0.00306773
450.382 311.332 0.00332485 0 0.00332485
311.585 315.429 0.00275587 0 0.00275587
736.231 316.263 0.00314989 0 0.00314989
666.807 324.412 0.00385653 0 0.00385653
685.769 324.356 0.00314316 0 0.00314316
635.705 326.742 0.00386342 0 0.00386342
800.814 327.931 0.00338693 0 0.00338693
685.394 331.262 0.00285036 0 0.00285036
640.596 347.815 0.00324753 0 0.00324753
383.941 359.042 0.00302604 0 0.00302604
404.456 362.548 0.00353494 0 0.00353494
500.59 364.006 0.00271679 0 0.00271679
631.742 363.092 0.0029701 0 0.0029701
777.854 369.922 0.00325218 0 0.00325218
319.096 372.003 0.00364709 0 0.00364709
381.995 373.292 0.00296333 0 0.00296333
407.198 376.867 0.00229958 0 0.00229958
584.057 375.556 0.00362994 0 0.00362994
195.326 387.905 0.00256653 0 0.00256653
632.438 387.31 0.00292561 0 0.00292561
755.064 390.812 0.0032274 0 0.0032274
204.331 404.193 0.00242784 0 0.00242784
688.339 408.554 0.00330118 0 0.00330118
737.689 409.803 0.00292966 0 0.00292966
810.964 409.381 0.00312818 0 0.00312818
169.17 412.289 0.00340559 0 0.00340559
75.1999 415.872 0.00282676 0 0.00282676
314.581 427.274 0.00380677 0 0.00380677
127.593 432.453 0.00408477 0 0.00408477
333.651 431.645 0.00240419 0 0.00240419
618.367 445.319 0.00256748 0 0.00256748
120.182 449.138 0.00320094 0 0.00320094
295.885 449.808 0.00307943 0 0.00307943
314.513 448.386 0.00406101 0 0.00406101
332.14 448.887 0.00343719 0 0.00343719
348.95 447.628 0.00418524 0 0.00418524
677.961 449.657 0.0043752 0 0.0043752
716.464 447.788 0.00336532 0 0.00336532
737.175 446.607 0.00299696 0 0.00299696
216.754 451.8 0.00357194 0 0.00357194
480.394 451.357 0.00319943 0 0.00319943
534.657 452.067 0.00459177 0 0.00459177
638.625 451.678 0.00273427 0 0.00273427
659.337 453.362 0.0034008 0 0.0034008
337.383 465.672 0.00333318 0 0.00333318
239.286 469.289 0.00376282 0 0.00376282
397.833 468.595 0.00442102 0 0.00442102
511.838 469.927 0.00300183 0 0.00300183
279.18 479.887 0.00362065 0 0.00362065
476.629 489.438 0.00353177 0 0.00353177
502.354 489.062 0.003775 0 0.003775
585.32 488.081 0.00352389 0 0.00352389
238.607 490.512 0.00344133 0 0.00344133
523.794 491.266 0.00403108 0 0.00403108
278.137 499.261 0.00305448 0 0.00305448
472.363 503.458 0.00324063 0 0.00324063
235.284 508.415 0.00337088 0 0.00337088
515.352 507.587 0.00324768 0 0.00324768
302.352 512.62 0.00294668 0 0.00294668
319.387 512.414 0.00303566 0 0.00303566
581.49 519.595 0.0026411 0 0.0026411
246.176 523.107 0.00249083 0 0.00249083
527.01 550.05 0.00278519 0 0.00278519
38.1908 562.444 0.00424282 0 0.00424282
617.196 159.776 0.00151764 0 0.00151764
592.35 177.487 0.00190219 0 0.00190219
626.739 189.306 0.00135032 0 0.00135032
600.636 201.659 0.00160014 0 0.00160014
459.588 211.02 0.00149963 0 0.00149963
487.268 219.312 0.00161382 0 0.00161382
502.827 220.523 0.00136538 0 0.00136538
531.849 222.652 0.00185945 0 0.00185945
328.889 223.266 0.00124539 0 0.00124539
336.124 221.763 0.00122702 0 0.00122702
338.05 250.618 0.00132117 0 0.00132117
328.256 254.289 0.00173773 0 0.00173773
558.415 258.057 0.00147808 0 0.00147808
387.707 265.319 0.00138057 0 0.00138057
387.197 279.471 0.00183714 0 0.00183714
478.61 278.68 0.00169166 0 0.00169166
540.087 283.629 0.00137861 0 0.00137861
367.1 287.698 0.0013098 0 0.0013098
466.324 292.691 0.00167933 0 0.00167933
467.281 300.462 0.00166492 0 0.00166492
389.505 305.765 0.00148331 0 0.00148331
761.981 302.104 0.00131403 0 0.00131403
523.324 309.58 0.00154631 0 0.00154631
354.901 316.798 0.00113046 0 0.00113046
399.78 332.054 0.001442 0 0.001442
520.196 348.577 0.00164346 0 0.00164346
377.521 356.812 0.00151377 0 0.00151377
617.504 368.241 0.00154877 0 0.00154877
568.159 372.964 0.00161832 0 0.00161832
661.102 376.418 0.00145013 0 0.00145013
565.196 384.717 0.00124647 0 0.00124647
591.789 383.579 0.00148838 0 0.00148838
311.808 389.916 0.00174566 0 0.00174566
336.59 399.947 0.00176825 0 0.00176825
650.173 404.604 0.00151054 0 0.00151054
711.448 403.525 0.00171778 0 0.00171778
771.398 405.866 0.00130389 0 0.00130389
379.794 407.301 0.00157927 0 0.00157927
409.809 413.048 0.00138021 0 0.00138021
337.181 425.031 0.00155132 0 0.00155132
712.108 432.002 0.0014903 0 0.0014903
737.878 433.659 0.00138391 0 0.00138391
74.2071 453.758 0.0016218 0 0.0016218
592.553 459.196 0.00133266 0 0.00133266
189.287 464.884 0.00128456 0 0.00128456
162.004 468.196 0.00195012 0 0.00195012
137.478 470.142 0.00167292 0 0.00167292
445.384 477.431 0.00179813 0 0.00179813
660.251 476.419 0.00135801 0 0.00135801
373.699 492.664 0.00120351 0 0.00120351
260.21 498.604 0.00181007 0 0.00181007
445.479 503.225 0.00159231 0 0.00159231
362.102 515.984 0.00152613 0 0.00152613
610.181 556.54 0.00162615 0 0.00162615
46.5876 562.001 0.00119605 0 0.00119605
576.395 232.12 0.000847116 0 0.000847116
622.69 234.916 0.00099804 0 0.00099804
598.964 246.536 0.000948871 0 0.000948871
540.03 293.391 0.000845241 0 0.000845241
766.174 291.509 0.000674181 0 0.000674181
461.126 316.004 0.000711519 0 0.000711519
353.984 319.005 0.00102076 0 0.00102076
455.359 334.345 0.000718588 0 0.000718588
527.758 334.062 0.000763269 0 0.000763269
743.606 394.08 0.00078666 0 0.00078666
116.162 440.19 0.000651933 0 0.000651933
125.713 440.209 0.000682139 0 0.000682139
399.667 449.442 0.000756859 0 0.000756859
613.317 452.322 0.000752382 0 0.000752382
320.006 468.437 0.000609491 0 0.000609491
406.14 469.652 0.000928722 0 0.000928722
563.185 479.202 0.000736055 0 0.000736055
611.897 483.426 0.000637382 0 0.000637382
367.407 490.985 0.000966121 0 0.000966121
565.71 493.053 0.000728155 0 0.000728155
605.575 493.619 0.000696084 0 0.000696084
409.277 506.888 0.000698592 0 0.000698592
346.088 518.442 0.000765363 0 0.000765363
607.32 532.798 0.000676388 0 0.000676388
498.587 195.358 0.000344236 0 0.000344236
428.449 205.464 0.000330236 0 0.000330236
498.151 204.16 0.000361605 0 0.000361605
532.713 265.334 0.00046464 0 0.00046464
653.684 286.769 0.000375673 0 0.000375673
710.221 285.577 0.000438102 0 0.000438102
583.369 307.571 0.000410885 0 0.000410885
254.266 320.774 0.000513849 0 0.000513849
583.191 333.146 0.000392808 0 0.000392808
234.406 392.996 0.000437032 0 0.000437032
233.96 407.863 0.000369474 0 0.000369474
568.868 435.736 0.000407803 0 0.000407803
669.21 523.568 0.000354385 0 0.000354385
554.57 539.255 0.000432371 0 0.000432371
